Title,Type,Files,Size,IMDB,Spoken Languages,Texted Languages,Tags,Quality (+),Quality (-),Uploaded,By,User Type,Seeders,Leechers,Info Hash,Picture,Capture Date
Gammal.I.Ung.SWEDISH.XXX.DVDRip.XviD-EViLGENiUSES,501,3,2.05 GiB (2200209408 Bytes),,,,,0,0,2010-07-14T18:16:54Z,exmnova,[T],2,2,FB1E7653BBA63BF2C90F9C759EF2DF3CF34DD3C1,,2012-07-13T00:38:32Z
