Filename,Size,Unit
module 9.pdf,7.27,M
