Title,Type,Files,Size,IMDB,Spoken Languages,Texted Languages,Tags,Quality (+),Quality (-),Uploaded,By,User Type,Seeders,Leechers,Info Hash,Picture,Capture Date
Coast to Coast AM - 06-28-10 - Conspiracies of New World Order,199,5,53.31 MiB (55898573 Bytes),,,,"""Coast to Coast AM - 06-28-10 -""",0,0,2010-06-30T04:48:18Z,Lyrian,,1,1,36B0839542C25459D7DFFC77A1D8761DD5C845F4,,2012-07-13T14:20:26Z
