User Type,Username,Date,Text
,ekarth22,2010-11-04T05:53Z,"All without drugs, without spending a fortune on nutritional supplements and without wasting your time in the gym

--
sounds great, I'm gonna download !"
