File .torrent for Microsoft windows 7 rtm x64&x86 untouched iso

* Windows 7 Retail Ultimate English (x86)
Name: 7600.16385.090713-1255_x86fre_client_en-us_Retail_Ultimate-GRMCULFRER_EN_DVD.iso
CRC: 0xC1C20F76
SHA-1: 0x5395DC4B38F7BDB1E005FF414DEEDFDB16DBF610

* Windows 7 Retail Ultimate English (x64)
Name: 7600.16385.090713-1255_x64fre_client_en-us_Retail_Ultimate-GRMCULXFRER_EN_DVD.iso
CRC: 0x1F1257CA
SHA-1: 0x326327CC2FF9F05379F5058C41BE6BC5E004BAA7