Title,Type,Files,Size,IMDB,Spoken Languages,Texted Languages,Tags,Quality (+),Quality (-),Uploaded,By,User Type,Seeders,Leechers,Info Hash,Picture,Capture Date
Kirsten Dunst - Vera Anderson 2005 Portraits,603,2,1.72 MiB (1808262 Bytes),,,,"""Kirsten Dunst - Vera Anderson""",0,0,2010-05-26T08:48:00Z,Alanies,[T],0,0,512BDB5EF31047F5D338F59998EEDFAE2C6EA272,,2012-07-15T15:50:43Z
