Filename,Size,Unit
NW RG.nfo,12.96,K
NW RG.txt,127,B
Sample/rx-despicable-me-cam-sample.avi,6.19,M
Torrent downloaded from Demonoid.com.txt,47,B
bsbt.nfo,5.75,K
rx-despicable-me-cam.nfo,9.17,K
rx-despicable-me-cam.r00,14.31,M
rx-despicable-me-cam.r01,14.31,M
rx-despicable-me-cam.r02,14.31,M
rx-despicable-me-cam.r03,14.31,M
rx-despicable-me-cam.r04,14.31,M
rx-despicable-me-cam.r05,14.31,M
rx-despicable-me-cam.r06,14.31,M
rx-despicable-me-cam.r07,14.31,M
rx-despicable-me-cam.r08,14.31,M
rx-despicable-me-cam.r09,14.31,M
rx-despicable-me-cam.r10,14.31,M
rx-despicable-me-cam.r11,14.31,M
rx-despicable-me-cam.r12,14.31,M
rx-despicable-me-cam.r13,14.31,M
rx-despicable-me-cam.r14,14.31,M
rx-despicable-me-cam.r15,14.31,M
rx-despicable-me-cam.r16,14.31,M
rx-despicable-me-cam.r17,14.31,M
rx-despicable-me-cam.r18,14.31,M
rx-despicable-me-cam.r19,14.31,M
rx-despicable-me-cam.r20,14.31,M
rx-despicable-me-cam.r21,14.31,M
rx-despicable-me-cam.r22,14.31,M
rx-despicable-me-cam.r23,14.31,M
rx-despicable-me-cam.r24,14.31,M
rx-despicable-me-cam.r25,14.31,M
rx-despicable-me-cam.r26,14.31,M
rx-despicable-me-cam.r27,14.31,M
rx-despicable-me-cam.r28,14.31,M
rx-despicable-me-cam.r29,14.31,M
rx-despicable-me-cam.r30,14.31,M
rx-despicable-me-cam.r31,14.31,M
rx-despicable-me-cam.r32,14.31,M
rx-despicable-me-cam.r33,14.31,M
rx-despicable-me-cam.r34,14.31,M
rx-despicable-me-cam.r35,14.31,M
rx-despicable-me-cam.r36,14.31,M
rx-despicable-me-cam.r37,14.31,M
rx-despicable-me-cam.r38,14.31,M
rx-despicable-me-cam.r39,14.31,M
rx-despicable-me-cam.r40,14.31,M
rx-despicable-me-cam.r41,14.31,M
rx-despicable-me-cam.r42,14.31,M
rx-despicable-me-cam.r43,14.31,M
rx-despicable-me-cam.r44,14.31,M
rx-despicable-me-cam.r45,14.31,M
rx-despicable-me-cam.r46,14.31,M
rx-despicable-me-cam.r47,10.8,M
rx-despicable-me-cam.rar,14.31,M
rx-despicable-me-cam.sfv,4.76,K
