User Type,Username,Date,Text
,born2b,2010-11-24T21:52Z,Thanks!
