Filename,Size,Unit
GORKY18.iso,529.37,M
