Title,Type,Files,Size,IMDB,Spoken Languages,Texted Languages,Tags,Quality (+),Quality (-),Uploaded,By,User Type,Seeders,Leechers,Info Hash,Picture,Capture Date
"Cumshot Surprise - Teagan Summers, Lily Carter, Charlie Ann.mp4",506,1,557.82 MiB (584917962 Bytes),,,,"""Cumshot"",""Hardcore"",""Oral"",""Teen"",""XXX"",""Adult""",0,0,2010-09-12T12:03:18Z,Pornmaze,[V],5,1,9B55E925FDC317764F4FD4C4826FA8D46690B9F3,http://image.bayimg.com/paomhaaco.jpg,2012-07-06T17:02:22Z
