Title,Type,Files,Size,IMDB,Spoken Languages,Texted Languages,Tags,Quality (+),Quality (-),Uploaded,By,User Type,Seeders,Leechers,Info Hash,Picture,Capture Date
Windows XP Genuine Crack,301,1,644.28 KiB (659746 Bytes),,,,"""windows"",""crack"",""key"",""easy"",""how"",""genuine"",""validation"",""crack"",""serial""",8,0,2009-07-13T17:29:28Z,puscrew,,70,1,C25E678A59EB70483701DC65C1DA54D4D3AB5028,,2012-07-29T21:24:27Z
