Filename,Size,Unit
Obsesion La Marca Del Asesino [dvdrip][spanish][www.cantabriatorrent.net].avi,697.48,M
