Title,Type,Files,Size,IMDB,Spoken Languages,Texted Languages,Tags,Quality (+),Quality (-),Uploaded,By,User Type,Seeders,Leechers,Info Hash,Picture,Capture Date
DDGirls - Jelena Jensen - Hooters #2760 [.jpg],503,59,21.87 MiB (22932445 Bytes),,,,"""DDGirls"",""Jelena Jensen""",1,0,2009-11-17T21:15:10Z,barneyek,,2,2,8DC4922025391245D8131C3BECA17FFC295FEBAF,,2012-07-24T18:21:04Z
