Title,Type,Files,Size,IMDB,Spoken Languages,Texted Languages,Tags,Quality (+),Quality (-),Uploaded,By,User Type,Seeders,Leechers,Info Hash,Picture,Capture Date
60 Asia Beautiful Places Pictures 1999 X 1333,603,63,34.08 MiB (35732446 Bytes),,,,"""wallpapers""",0,0,2009-08-23T01:53:18Z,nicobolso1899,[V],2,0,ABABD2B54E2E0D12C0BBD8D3C83C1F02491CDB64,http://image.bayimg.com/ladhbaacg.jpg,2012-07-27T16:26:21Z
