Filename,Size,Unit
Diablo Pc Iso+1.09 Patch+ DiabloSight+with online play.rar,598.78,M
