Title,Type,Files,Size,IMDB,Spoken Languages,Texted Languages,Tags,Quality (+),Quality (-),Uploaded,By,User Type,Seeders,Leechers,Info Hash,Picture,Capture Date
Revista Front Agosto 2010,601,2,99.72 MiB (104568937 Bytes),,,English,,0,0,2010-08-07T08:24:13Z,chusca,[V],0,1,54DA3465F68C3DC116A14A66E1F2AC427F2D6747,,2012-07-08T19:16:31Z
