Filename,Size,Unit
/Viimne.reliikvia.CD1.1969.DVDrip.iNTERNAL.XviD-BPDcarrier.avi,797.2,M
/Viimne.reliikvia.CD2.1969.DVDrip.iNTERNAL.XviD-BPDcarrier.avi,795.64,M
/Xtra.4.Igavene.reliikvia.2004.DVDrip.iNTERNAL.XviD-BPDcarrier.avi,699.77,M
/Xtra.5.Test.Shots.with.the.2nd.Directors.Commentary.2004.DVDrip.iNTERNAL.XviD-BPDcarrier.avi,93.89,M
/Xtra.3.Films.Second.Premiere.and.Interviews.with.Main.characters.2002.DVDrip.iNTERNAL.XviD-BPDcarrier.avi,79.99,M
/Viimne.reliikvia.CD2.1969.DVDrip.iNTERNAL.XviD-BPDcarrier.mp3,40.9,M
/Viimne.reliikvia.CD1.1969.DVDrip.iNTERNAL.XviD-BPDcarrier.mp3,38.33,M
/Xtra.2.Trailer.1969.DVDrip.iNTERNAL.XviD-BPDcarrier.avi,30.95,M
/Xtra.4.Igavene.reliikvia.2004.DVDrip.iNTERNAL.XviD-BPDcarrier.sub,19.34,M
/Viimne.reliikvia.CD1.1969.DVDrip.iNTERNAL.XviD-BPDcarrier.sub,7.75,M
/Viimne.reliikvia.CD2.1969.DVDrip.iNTERNAL.XviD-BPDcarrier.sub,7.71,M
/Xtra.5.Test.Shots.with.the.2nd.Directors.Commentary.2004.DVDrip.iNTERNAL.XviD-BPDcarrier.sub,3.73,M
/Xtra.3.Films.Second.Premiere.and.Interviews.with.Main.characters.2002.DVDrip.iNTERNAL.XviD-BPDcarrier.sub,2.88,M
/Xtra.1.Image.Gallery.2004.DVDrip.iNTERNAL.XviD-BPDcarrier.avi,570,K
/Xtra.4.Igavene.reliikvia.2004.DVDrip.iNTERNAL.XviD-BPDcarrier.idx,171.4,K
/Xtra.2.Trailer.1969.DVDrip.iNTERNAL.XviD-BPDcarrier.sub,106,K
/Viimne.reliikvia.CD2.1969.DVDrip.iNTERNAL.XviD-BPDcarrier.idx,76.79,K
/Viimne.reliikvia.CD1.1969.DVDrip.iNTERNAL.XviD-BPDcarrier.idx,76.68,K
/Xtra.4.Igavene.reliikvia.2004.DVDrip.iNTERNAL.XviD-BPDcarrier.ENG.srt,51.35,K
/Xtra.4.Igavene.reliikvia.2004.DVDrip.iNTERNAL.XviD-BPDcarrier.EST.srt,47.79,K
/Xtra.5.Test.Shots.with.the.2nd.Directors.Commentary.2004.DVDrip.iNTERNAL.XviD-BPDcarrier.idx,33.62,K
/Xtra.3.Films.Second.Premiere.and.Interviews.with.Main.characters.2002.DVDrip.iNTERNAL.XviD-BPDcarrier.idx,25.1,K
/Viimne.reliikvia.CD1.1969.DVDrip.iNTERNAL.XviD-BPDcarrier.ENG.srt,20.13,K
/Viimne.reliikvia.CD2.1969.DVDrip.iNTERNAL.XviD-BPDcarrier.ENG.srt,20.04,K
/Viimne.reliikvia.CD1.1969.DVDrip.iNTERNAL.XviD-BPDcarrier.EST.srt,20,K
/Viimne.reliikvia.CD2.1969.DVDrip.iNTERNAL.XviD-BPDcarrier.EST.srt,19.64,K
/Xtra.5.Test.Shots.with.the.2nd.Directors.Commentary.2004.DVDrip.iNTERNAL.XviD-BPDcarrier.EST.srt,9.73,K
/Xtra.5.Test.Shots.with.the.2nd.Directors.Commentary.2004.DVDrip.iNTERNAL.XviD-BPDcarrier.ENG.srt,9.22,K
/Xtra.3.Films.Second.Premiere.and.Interviews.with.Main.characters.2002.DVDrip.iNTERNAL.XviD-BPDcarrier.ENG.srt,6.95,K
/Xtra.3.Films.Second.Premiere.and.Interviews.with.Main.characters.2002.DVDrip.iNTERNAL.XviD-BPDcarrier.EST.srt,6.77,K
/Xtra.2.Trailer.1969.DVDrip.iNTERNAL.XviD-BPDcarrier.idx,3.78,K
/Xtra.2.Trailer.1969.DVDrip.iNTERNAL.XviD-BPDcarrier.ENG.srt,261,B
