Filename,Size,Unit
(DivX.-ITA)Dogma.DVDRip.by.Sword.avi,700.68,M
