Filename,Size,Unit
iPod Photo Cache/F00/T200.ithmb,223.65,K
iPod Photo Cache/F00/T149.ithmb,179.82,K
iPod Photo Cache/F01/T150.ithmb,189.7,K
iPod Photo Cache/F01/T201.ithmb,168.75,K
iPod Photo Cache/F02/T151.ithmb,392.72,K
iPod Photo Cache/F02/T202.ithmb,203.34,K
iPod Photo Cache/F03/T152.ithmb,420.45,K
iPod Photo Cache/F03/T101.ithmb,159.11,K
iPod Photo Cache/F03/T203.ithmb,142.27,K
iPod Photo Cache/F04/T204.ithmb,215.1,K
iPod Photo Cache/F04/T153.ithmb,208.29,K
iPod Photo Cache/F04/T102.ithmb,192.14,K
iPod Photo Cache/F05/T154.ithmb,323.92,K
iPod Photo Cache/F05/T103.ithmb,155.9,K
iPod Photo Cache/F05/T205.ithmb,131.73,K
iPod Photo Cache/F06/T155.ithmb,167.41,K
iPod Photo Cache/F06/T206.ithmb,151.86,K
iPod Photo Cache/F06/T104.ithmb,130.12,K
iPod Photo Cache/F07/T156.ithmb,1.22,M
iPod Photo Cache/F07/T105.ithmb,269.13,K
iPod Photo Cache/F07/T207.ithmb,171.8,K
iPod Photo Cache/F08/T208.ithmb,212.83,K
iPod Photo Cache/F08/T106.ithmb,161.66,K
iPod Photo Cache/F08/T157.ithmb,150.65,K
iPod Photo Cache/F09/T107.ithmb,154.47,K
iPod Photo Cache/F09/T209.ithmb,154.13,K
iPod Photo Cache/F09/T158.ithmb,134.2,K
iPod Photo Cache/F10/T159.ithmb,248.32,K
iPod Photo Cache/F10/T210.ithmb,161.5,K
iPod Photo Cache/F10/T108.ithmb,137.84,K
iPod Photo Cache/F11/T160.ithmb,238.83,K
iPod Photo Cache/F11/T211.ithmb,173.45,K
iPod Photo Cache/F11/T109.ithmb,138.29,K
iPod Photo Cache/F12/T161.ithmb,189.25,K
iPod Photo Cache/F12/T212.ithmb,147.5,K
iPod Photo Cache/F12/T110.ithmb,134.24,K
iPod Photo Cache/F13/T111.ithmb,214.54,K
iPod Photo Cache/F13/T162.ithmb,184.89,K
iPod Photo Cache/F13/T213.ithmb,164.04,K
iPod Photo Cache/F14/T163.ithmb,203.88,K
iPod Photo Cache/F14/T112.ithmb,172.77,K
iPod Photo Cache/F14/T214.ithmb,167.62,K
iPod Photo Cache/F15/T113.ithmb,158.97,K
iPod Photo Cache/F15/T215.ithmb,149.81,K
iPod Photo Cache/F15/T164.ithmb,149.64,K
iPod Photo Cache/F16/T165.ithmb,241.22,K
iPod Photo Cache/F16/T216.ithmb,182.55,K
iPod Photo Cache/F16/T114.ithmb,159.29,K
iPod Photo Cache/F17/T115.ithmb,669.51,K
iPod Photo Cache/F17/T166.ithmb,261.88,K
iPod Photo Cache/F17/T217.ithmb,180.64,K
iPod Photo Cache/F18/T218.ithmb,245.79,K
iPod Photo Cache/F18/T167.ithmb,172.43,K
iPod Photo Cache/F18/T116.ithmb,156.23,K
iPod Photo Cache/F19/T168.ithmb,172.36,K
iPod Photo Cache/F19/T219.ithmb,169.07,K
iPod Photo Cache/F19/T117.ithmb,167.61,K
iPod Photo Cache/F20/T169.ithmb,162.01,K
iPod Photo Cache/F20/T118.ithmb,161.71,K
iPod Photo Cache/F20/T220.ithmb,136.48,K
iPod Photo Cache/F21/T170.ithmb,174.49,K
iPod Photo Cache/F21/T119.ithmb,150.58,K
iPod Photo Cache/F22/T171.ithmb,176.64,K
iPod Photo Cache/F22/T120.ithmb,163,K
iPod Photo Cache/F23/T121.ithmb,174.01,K
iPod Photo Cache/F23/T172.ithmb,135.3,K
iPod Photo Cache/F24/T122.ithmb,151.08,K
iPod Photo Cache/F24/T173.ithmb,129.45,K
iPod Photo Cache/F25/T123.ithmb,246.24,K
iPod Photo Cache/F25/T174.ithmb,171.66,K
iPod Photo Cache/F26/T124.ithmb,223.34,K
iPod Photo Cache/F27/T176.ithmb,208.46,K
iPod Photo Cache/F27/T125.ithmb,182.31,K
iPod Photo Cache/F28/T177.ithmb,291.25,K
iPod Photo Cache/F28/T126.ithmb,175.64,K
iPod Photo Cache/F29/T127.ithmb,184.12,K
iPod Photo Cache/F29/T178.ithmb,159.46,K
iPod Photo Cache/F30/T179.ithmb,230.77,K
iPod Photo Cache/F30/T128.ithmb,184.51,K
iPod Photo Cache/F31/T180.ithmb,368.39,K
iPod Photo Cache/F31/T129.ithmb,158.93,K
iPod Photo Cache/F32/T181.ithmb,588.29,K
iPod Photo Cache/F32/T130.ithmb,145.45,K
iPod Photo Cache/F33/T182.ithmb,214.04,K
iPod Photo Cache/F33/T131.ithmb,173.45,K
iPod Photo Cache/F34/T183.ithmb,370.59,K
iPod Photo Cache/F34/T132.ithmb,182.59,K
iPod Photo Cache/F35/T133.ithmb,219.82,K
iPod Photo Cache/F35/T184.ithmb,191.51,K
iPod Photo Cache/F36/T185.ithmb,168.07,K
iPod Photo Cache/F36/T134.ithmb,136.39,K
iPod Photo Cache/F37/T186.ithmb,259.21,K
iPod Photo Cache/F37/T135.ithmb,166.13,K
iPod Photo Cache/F38/T136.ithmb,278.71,K
iPod Photo Cache/F38/T187.ithmb,174.95,K
iPod Photo Cache/F39/T137.ithmb,279.28,K
iPod Photo Cache/F39/T188.ithmb,184.91,K
iPod Photo Cache/F40/T189.ithmb,205.04,K
iPod Photo Cache/F40/T138.ithmb,159.05,K
iPod Photo Cache/F41/T139.ithmb,170.93,K
iPod Photo Cache/F41/T190.ithmb,157.38,K
iPod Photo Cache/F42/T191.ithmb,223.67,K
iPod Photo Cache/F42/T140.ithmb,195.29,K
iPod Photo Cache/F43/T192.ithmb,194.5,K
iPod Photo Cache/F43/T141.ithmb,185.28,K
iPod Photo Cache/F44/T142.ithmb,350.09,K
iPod Photo Cache/F44/T193.ithmb,159.67,K
iPod Photo Cache/F45/T194.ithmb,181.58,K
iPod Photo Cache/F46/T144.ithmb,260.98,K
iPod Photo Cache/F46/T195.ithmb,179.19,K
iPod Photo Cache/F47/T196.ithmb,146.97,K
iPod Photo Cache/F47/T145.ithmb,145.56,K
iPod Photo Cache/F48/T197.ithmb,169.74,K
iPod Photo Cache/F48/T146.ithmb,142.14,K
iPod Photo Cache/F49/T147.ithmb,761.86,K
iPod Photo Cache/F49/T198.ithmb,218.3,K
iPod Photo Cache/F50/T148.ithmb,356.52,K
iPod Photo Cache/F50/T199.ithmb,220.95,K
iPod Photo Cache/Photo Database,148.71,K
Michael-Jackson-ZodiacGuille.jpg,981.48,K
michael_jackson_7_1280x1024.jpg,910.5,K
mj.performing.singing.art.jpg,859.16,K
michael-jackson-image-3-4300005sdf71.jpg,564.34,K
tumblr_la1hlo8vvg1qc4cp9o1_500.png,499.85,K
tumblr_lbintp45ka1qauzdzo1_500.png,498.13,K
tumblr_lbya4vVEl61qe3hpho1_500.png,493.6,K
tumblr_lbga68SOcs1qb9wbfo1_500.png,491.02,K
michael-jackson-18.jpg,485.53,K
tumblr_lbfv1qNqxL1qz8fjho1_500.png,482.73,K
tumblr_lb6wurj0ts1qb9vkco1_500.png,475.73,K
tumblr_lbixzxTXgz1qd37nbo1_500.gif,463.49,K
tumblr_lc07nyLTb31qe3hpho1_500.png,448.68,K
tumblr_lbgbb3qLja1qcdjcho1_500.png,445.06,K
tumblr_lb4afoxsS11qb9wbfo1_500.png,436.86,K
51129976-719426.jpg,427.58,K
tumblr_lb66abnuNJ1qb9wbfo1_500.png,405.02,K
tumblr_lc089mbmbg1qe3hpho1_500.png,402.11,K
tumblr_lbzu9vEAYv1qz8fjho1_500.png,395.81,K
tumblr_lbgc8oYRqe1qz8fjho1_500.png,389.06,K
tumblr_lc0540fiSZ1qe3hpho1_500.png,386.03,K
tumblr_lbzu4cBGNk1qz8fjho1_500.png,381.57,K
tumblr_lbeznsiRDc1qe3hpho1_500.png,375.28,K
tumblr_lbekz81KFQ1qeczuwo1_500.png,374.51,K
tumblr_lbgsq5oiH51qe3hpho1_500.png,366.83,K
tumblr_lbzz1073or1qe3hpho1_500.png,363.15,K
tumblr_lbzwuiDPDF1qe3hpho1_500.png,353.7,K
qNeYchaCE3rVHEY.jpg,353.18,K
tumblr_lbfz8kTQNY1qz8fjho1_500.png,352.23,K
tumblr_lbfxi3DNr31qz8fjho1_500.png,347.67,K
tumblr_lbetkifOYk1qe3hpho1_500.png,345.36,K
tumblr_lbfzmpJY3j1qz8fjho1_500.png,338.84,K
tumblr_lc09dk7qUU1qe3hpho1_500.png,336.58,K
tumblr_lbe9ujnEaX1qarowro1_500.png,335.42,K
MJ.jpg,331.69,K
tumblr_lbgauh0l101qz8fjho1_500.png,330.58,K
r390498_1825hkjk314.jpg,329.61,K
"Morning Spray, Piedras Blancas, California.jpg",326.29,K
tumblr_lbs9lwR9Nm1qz8fjho1_500.gif,324.76,K
tumblr_lbg2iedIHP1qb9vkco1_500.png,319.77,K
tumblr_lbgatuj37a1qb9wbfo1_500.png,317.86,K
tumblr_lbi5n7mAu21qz8fjho1_500.png,317.79,K
tumblr_lc07wohx3X1qe3hpho1_500.png,315.99,K
tumblr_l7otg2WYRq1qb9vkco1_1280.jpg,310.74,K
tumblr_lbfzgb3nhH1qbw910o1_500.jpg,292.38,K
tumblr_lbg78kTQph1qzegiwo1_500.png,283.41,K
tumblr_lbiml2QpuV1qd7slvo1_500.png,282.66,K
tumblr_lbebcjtqFy1qeczuwo1_500.png,279.66,K
tumblr_lbishzFRwL1qz8fjho1_500.jpg,279.61,K
tumblr_lbfyov8nvv1qz8fjho1_500.png,278.32,K
tumblr_lbfz2jOQWj1qz8fjho1_500.png,277.9,K
Michael_Jackson_-_Dangerous.jpg,272.24,K
tumblr_lbfkjnUwkx1qz8fjho1_500.png,270.38,K
tumblr_lbijvtbli51qawq94o1_500.jpg,265.91,K
tumblr_lc03ugOAkO1qe3hpho1_500.png,265.77,K
tumblr_lbeyf09ooK1qe3hpho1_500.png,262.05,K
Michael_Jackson_Wallpaper_12_b.jpg.scaled.1000.jpg,259.6,K
tumblr_lbfv7dbe601qz8fjho1_500.png,256.09,K
tumblr_lb6l2kforD1qdp0wko1_500.jpg,255.03,K
tumblr_lbgzsfHjK41qdp0wko1_500.jpg,255.03,K
tumblr_lbi2v4Sgf21qz8fjho1_500.png,250.21,K
tumblr_lb5hh5CxB91qbw910o1_500.jpg,243.05,K
tumblr_laelyuunS01qzjd51o1_500.jpg,242.25,K
michaeljackson-1280x1024.jpg,239.22,K
tumblr_lbfyzddtyG1qbw910o1_500.jpg,229.12,K
michael jackson 1993 superbowl.png,229.05,K
tumblr_lb63w98cO51qagcyro1_500.jpg,224.5,K
tumblr_lb4wxaNKsO1qb36kxo1_500.jpg,209.06,K
tumblr_lc08opZlIu1qe3hpho1_500.png,206.69,K
Michael+Jackson.png,202.62,K
tumblr_lbzyg6lcCq1qe3hpho1_500.png,202.27,K
tumblr_lbeewfDu171qadu0lo1_500.png,202.25,K
tumblr_lbfyeyjSok1qz8fjho1_500.png,202.06,K
tumblr_lbckvmGNY51qadu0lo1_500.jpg,201.88,K
tumblr_lbfi0bjXre1qz8fjho1_500.png,200.59,K
michaeljackson.jpg,192.84,K
tumblr_lbzx84iDoB1qe3hpho1_500.png,192.19,K
tumblr_lbijvw3SGT1qaf8pbo1_500.jpg,191.77,K
tumblr_lc0428wXLw1qe3hpho1_500.png,191,K
tumblr_lc05fj2N031qe3hpho1_500.png,187.35,K
tumblr_l8oqkl0unA1qb36kxo1_500.jpg,182.4,K
tumblr_lbgcd1ugYS1qauzdzo1_500.png,179.76,K
tumblr_lb8gj9JioB1qadu0lo1_500.png,176.69,K
tumblr_lb6tcmEUvt1qe3hpho1_500.png,175.61,K
tumblr_lbjh05d5Jr1qe3hpho1_500.png,173.73,K
2667042634_100000477057074_296712_7708825_n.jpg,169.26,K
tumblr_lb14yfN81C1qe3hpho1_500.png,167.7,K
Michael+Jackson.jpg,164.81,K
tumblr_l554hahkf21qad6qho1_500.jpg,163.65,K
tumblr_lbgah2KwoJ1qb9wbfo1_500.png,162.92,K
tumblr_l62yn0dO8g1qzhtjto1_1280.jpg,160.91,K
983fc6ba6d4f1a7b36d7b62699742e84.jpg,160.01,K
tumblr_lb67ujZp1k1qzhtjto1_400.jpg,159.33,K
28799218.JPG,151.27,K
tumblr_lb7q2qn12N1qbw910o1_500.jpg,147.28,K
tumblr_lbedvfUE0z1qadu0lo1_500.jpg,146.97,K
BishopSoulasMichaelJackson.jpg,146.1,K
kjh.jpg,144.05,K
tumblr_lbekm3SSeT1qeczuwo1_500.png,140.63,K
tumblr_lb7xgxAEBT1qb6h8so1_500.jpg,138.81,K
MJ1280x1024-1.jpg,137.54,K
tumblr_lbgsv2Sfbt1qbw910o1_500.jpg,135.12,K
wallpaper4.jpg,132.44,K
tumblr_lb8d52f7Vw1qa2tfzo1_500.jpg,132.36,K
tumblr_lbsf65amU31qc0p3do1_500.jpg,127.4,K
156993534_f2e35fec6a.jpg,126.56,K
tumblr_l1c1v2Eo2B1qbogo8o1_500.jpg,125.28,K
tumblr_lbe1czIUp81qe3hpho1_500.png,121.1,K
tumblr_lb7pnsA3Vo1qbw910o1_500.jpg,120.43,K
Michael_Jackson.jpg,117.37,K
michael-jackson-LIFE.jpg,115.13,K
tumblr_lbeddf5cQt1qadu0lo1_500.jpg,114.85,K
tumblr_lb4y8gzqa21qcnufjo1_500.jpg,114.11,K
Michael-Dangerous6.jpg,111.47,K
'.jpg,110.43,K
tumblr_lb6lweQhoF1qzmkrvo1_500.jpg,109.33,K
tumblr_lbhlt6ek1E1qa26dno1_500.jpg,106.97,K
tumblr_lbgd7obkBJ1qcdjcho1_500.jpg,106.29,K
tumblr_lbp2v2B8fM1qdj8lno1_500.jpg,105.13,K
tumblr_lbbsoxxKXE1qa26dno1_500.jpg,104.57,K
wedfg.jpg,102.19,K
tumblr_lbgc67ITV41qb36kxo1_500.jpg,101.83,K
tumblr_lbg01gt3nn1qbw910o1_500.jpg,100.72,K
tumblr_l4c9l2keol1qco43po1_1280.jpg,100.41,K
tumblr_lbg9t1ApS31qb36kxo1_500.jpg,98.44,K
tumblr_lb6u2uWtql1qd2pmho1_500.jpg,97.37,K
3680100885_b00ebc5697.jpg,97.16,K
tumblr_lbg0roQwvD1qzhtjto1_500.jpg,97.07,K
tumblr_lbtd7gcpsN1qe3hpho1_500.png,95.74,K
tumblr_lb68po9yjH1qayu5wo1_500.jpg,94.27,K
tumblr_l4xw0adthl1qb36kxo1_500.jpg,94.17,K
r390498_1825314.jpg,92.53,K
tumblr_lbde65tLsU1qayu5wo1_500.jpg,91.88,K
tumblr_lbinkboCI21qbw910o1_500.jpg,90.05,K
tumblr_lbzw49bi5J1qz8fjho1_500.png,88.68,K
tumblr_lc08heUs3x1qe3hpho1_500.png,87.44,K
tumblr_lbdkhyAgWH1qad6qho1_500.jpg,87.24,K
tumblr_lbr5px17F31qbw910o1_500.jpg,86.96,K
tumblr_lbg04tCvgY1qdssc4o1_500.jpg,86.75,K
tumblr_lb8g2sbQtL1qadu0lo1_500.jpg,86.61,K
tumblr_lb9m1lfTyy1qauweoo1_500.jpg,86.38,K
tumblr_lbi5uwnNw01qayui0o1_500.jpg,85.02,K
beauty2-1.jpg,84.97,K
tumblr_la57jnszxj1qawq94o1_500.jpg,83.13,K
tumblr_lbgbdxOQCd1qadu0lo1_400.jpg,82.82,K
tumblr_lbf46nb7W01qbw910o1_500.jpg,81.1,K
tumblr_lb659z01Z91qawq94o1_500.jpg,80.39,K
tumblr_lbgzr3tN3M1qdp0wko1_500.jpg,76.96,K
tumblr_lbf45ooQ341qbw910o1_500.jpg,76.12,K
tumblr_lapfipR1kE1qaf8pbo1_500.jpg,74.26,K
tumblr_lbipwzVCQE1qawq94o1_500.jpg,74.17,K
tumblr_layyj1hjqp1qaay0no1_500.jpg,74.14,K
tumblr_lbzvenCNTU1qdmio1o1_500.jpg,73,K
dangerous105.jpg,72.99,K
tumblr_lb4mn4sADg1qety81o1_500.jpg,72.96,K
tumblr_lb4dtqDqFi1qb9fdoo1_500.jpg,72.45,K
"!B7,hvRgEWk~$(KGrHqN,!ksEy+jCwc3EBM0Gku51e!~~-1_3.JPG",70.81,K
MichaelJacksonWallpaper9.jpg,70.7,K
tumblr_lbe990VfoM1qz8fjho1_500.png,69.43,K
Michael_Jackson_Live.jpg,69.42,K
tumblr_lbel38N51T1qb36kxo1_500.jpg,69.14,K
tumblr_lbgdn2yA3J1qadu0lo1_500.jpg,68.68,K
tumblr_lberp3w3Vh1qd7slvo1_500.jpg,68.52,K
tumblr_lb9r9ws2pe1qczih4o1_500.jpg,68.39,K
tumblr_lb67vpPPOU1qbwnvzo1_500.jpg,67.65,K
Michael+Jackson+WeAreTheWorld01.jpg,65.86,K
tumblr_lb0w62yluP1qe3hpho1_500.png,65.68,K
tumblr_lb65enfIj71qzffq4o1_500.jpg,63.68,K
tumblr_lbinczIkty1qbwnvzo1_500.jpg,63.59,K
tumblr_lbfyoxkd2L1qbpfqto1_500.jpg,63.24,K
mikeandliz2.jpg,61.04,K
tumblr_lbdosk16Wy1qdkvx0o1_500.jpg,60.36,K
tumblr_lbge4qbMLj1qcdjcho1_500.jpg,60.19,K
tumblr_lb12cqe4bd1qcuvugo1_500.jpg,59.56,K
1995-Presley-52027919-8695.jpg,57.93,K
The_Michael_Jackson_Show.jpg,57.19,K
Michael+Jackson+Hospitalized+ErxHc5X6jiwl.jpg,57.13,K
tumblr_lbmxx2seoD1qawq94o1_500.jpg,55.33,K
tumblr_lbe6llsntz1qbw910o1_500.jpg,55.07,K
158168_Trade_Mark_Aviators_w_Jackets_jpgc52f4b585857f2c819c16b647c6fda00 (4).jpg,54.66,K
71761009-thumb.jpg,54.57,K
tumblr_lbjfoc7LH21qe3hpho1_500.png,54.53,K
tumblr_lbisrujr391qc0p3do1_500.jpg,54.3,K
history_tour_51.jpg,53.8,K
tumblr_lbgeresEst1qcdjcho1_500.jpg,53.48,K
Live-MichaelJackson2njdqmchz2.jpg,52.71,K
0629mjfashlg.jpg,52.46,K
tumblr_l0gs52e77Q1qb36kxo1_500.jpg,52.4,K
tumblr_lbecs5Qpfm1qadu0lo1_500.jpg,51.91,K
michael-jackson-grammys.jpg,51.56,K
tumblr_lb4fmhmdmc1qdp0wko1_500.jpg,51.3,K
tumblr_lbdkjwclsP1qckqw3o1_500.jpg,49.63,K
GalleryHistoryTour44.jpg,49.04,K
tumblr_lb8d0feYNw1qbcgrfo1_500.jpg,48.46,K
tumblr_lb8eqkE9hw1qdti4qo1_500.jpg,48.28,K
tumblr_lbjfyo69KW1qdwbfbo1_500.jpg,47.37,K
tumblr_lbhsiaDCQd1qc03leo1_500.jpg,46.9,K
tumblr_lb6v76UTiU1qc0cxpo1_500.jpg,45.19,K
5wgina.jpg,43.82,K
michael-jackson-1992.jpg,43.43,K
tumblr_lbfp4oR7TE1qdp0wko1_500.jpg,43.32,K
michael-jackson-image-3-430000571.jpg,41.78,K
tumblr_lbfuwno0sH1qamjfao1_500.jpg,41.71,K
tumblr_lbgssfJqAJ1qadu0lo1_500.jpg,41.37,K
Michael-Dangerous4.jpg,41.23,K
tumblr_lb0qhbyTSd1qb6djho1_500.jpg,40.65,K
history-michael-jackson_s-many-looks-the-moment-blog-nytimes-com_1246111687863.jpeg,40.01,K
tumblr_lbzx3fkLuw1qdmio1o1_500.jpg,39.51,K
082907_jackson_400x400.jpg,38.54,K
4f1ed_293.jackson.michael11.082808.jpg,38.53,K
tumblr_lapxocJieV1qd0r0ho1_1280.jpg,38.12,K
400_mjackson_090625_pwalter_71437058.jpg,38.02,K
tumblr_lbgx0hJHIC1qawq94o1_500.jpg,37.81,K
album-bad.jpg,37.29,K
tumblr_lb0sh6Ii0W1qa26dno1_500.jpg,36.76,K
tumblr_lb71pc0WjV1qadu0lo1_500.jpg,36.32,K
tumblr_l93sb79dAE1qbxnmio1_500.jpg,33.55,K
tumblr_lbfap6tTIQ1qz8fjho1_500.png,33.25,K
tumblr_lb7zz3BrY01qawq94o1_500.jpg,32.48,K
billie-jean-jackson_l2.jpg,32.37,K
tumblr_lb8e8eWxWN1qdti4qo1_500.jpg,32.04,K
254825-thumb.jpg,31.57,K
Bad10.jpg,31.15,K
michael-jackson-arms-out-the-end1.jpg,30.97,K
tumblr_lbqciw8ZXO1qawq94o1_500.jpg,30.03,K
008339025om4zg9c.jpg,29.8,K
tumblr_lbr5cl9RXS1qa26dno1_500.jpg,29.01,K
2746451-thumb.jpg,28.76,K
michael-jackson-pic-getty-399599067.jpg,27.52,K
51679708.jpg,26.71,K
mjjhis.jpg,26.18,K
tumblr_lbqaidxM5Q1qatjmdo1_500.jpg,26.18,K
michael-jackson-wallpaper-17.jpg,24.72,K
aaa125.jpg,24.24,K
michael jackson Super Bowl XXVII 1993.jpg,24.2,K
tumblr_lawpnzNJgN1qb2qhio1_400.jpg,20.89,K
tumblr_lbeaiqUqL71qz8fjho1_500.png,20.56,K
21630629;encoding=jpg;size=300.jpg,17.36,K
Michael-BillieJean3.jpg,16.99,K
1-e65fa170bfb41655.jpg,12.12,K
