Title,Type,Files,Size,IMDB,Spoken Languages,Texted Languages,Tags,Quality (+),Quality (-),Uploaded,By,User Type,Seeders,Leechers,Info Hash,Picture,Capture Date
Nokia-Ovi-Store-App-Client,304,1,710.44 KiB (727488 Bytes),,,,,0,0,2009-12-25T20:57:07Z,ahs273,,1,1,02447BF5450B03581567264D5F84C330A29792DD,,2012-07-23T01:25:32Z
