Filename,Size,Unit
/Victorian_Undead_01__c2c___2010___Team-CPS_.cbr_RLSforum.net,19.66,M
