Title,Type,Files,Size,IMDB,Spoken Languages,Texted Languages,Tags,Quality (+),Quality (-),Uploaded,By,User Type,Seeders,Leechers,Info Hash,Picture,Capture Date
Private Specials 32 Euro Chicks Love 2 [DVDRIP][Anal].,501,3,2.04 GiB (2193563648 Bytes),,English,,,0,0,2010-04-19T07:32:08Z,zurera,[V],0,0,D9468DB8A51FFE4AC24E6F4B1D7C9E871DDB9787,,2012-07-17T17:57:33Z
