Title,Type,Files,Size,IMDB,Spoken Languages,Texted Languages,Tags,Quality (+),Quality (-),Uploaded,By,User Type,Seeders,Leechers,Info Hash,Picture,Capture Date
Just One Picture Leading To MILLIONS.jpg,503,1,33.49 KiB (34292 Bytes),,,,"""pics"",""pictures"",""bilder"",""image"",""photos"",""facial"",""cumshot"",""jizz"",""boy"",""girl"",""mom"",""son"",""cock"",""huge"",""milf"",""incest"",""sister"",""amateur"",""teen"",""collection"",""nude"",""naked"",""illegal"",""rape"",""dog"",""beastiality"",""horse"",""farm"",""celebrity"",""collection"",""comp""",2,3,2010-06-29T12:10:54Z,Anonymous,,0,2,A8645B21A25A2F3DB02C15585AB44732693E08AF,http://image.bayimg.com/canflaacg.jpg,2012-07-13T15:16:07Z
