Filename,Size,Unit
/Ramadan Special Quroon-e-Aula 1/Ramadan Special Quroon-e-Aula 1 p-5.mp4,19.5,M
/Ramadan Special Quroon-e-Aula 1/Ramadan Special Quroon-e-Aula 1 p-3.mp4,14.42,M
/Ramadan Special Quroon-e-Aula 1/Ramadan Special Quroon-e-Aula 1 p-4.mp4,14.4,M
/Ramadan Special Quroon-e-Aula 1/Ramadan Special Quroon-e-Aula 1 p-2.mp4,11.76,M
/Ramadan Special Quroon-e-Aula 1/Ramadan Special Quroon-e-Aula 1 p-1.mp4,11.23,M
/Ramadan Special Quroon-e-Aula 10/Ramadan Special Quroon-e-Aula 10 p-1.mp4,45.15,M
/Ramadan Special Quroon-e-Aula 10/Ramadan Special Quroon-e-Aula 10 p-2.mp4,42.94,M
/Ramadan Special Quroon-e-Aula 10/Ramadan Special Quroon-e-Aula 10 p-3.mp4,35.43,M
/Ramadan Special Quroon-e-Aula 11/Ramadan Special Quroon-e-Aula 11 p-2.mp4,46.87,M
/Ramadan Special Quroon-e-Aula 11/Ramadan Special Quroon-e-Aula 11 p-1.mp4,43.06,M
/Ramadan Special Quroon-e-Aula 11/Ramadan Special Quroon-e-Aula 11 p-3.mp4,29.97,M
/Ramadan Special Quroon-e-Aula 12/Ramadan Special Quroon-e-Aula 12 p-2.mp4,49.97,M
/Ramadan Special Quroon-e-Aula 12/Ramadan Special Quroon-e-Aula 12 p-1.mp4,46.27,M
/Ramadan Special Quroon-e-Aula 13/Ramadan Special Quroon-e-Aula 13 p-1.mp4,41.04,M
/Ramadan Special Quroon-e-Aula 13/Ramadan Special Quroon-e-Aula 13 p-2.mp4,39.43,M
/Ramadan Special Quroon-e-Aula 13/Ramadan Special Quroon-e-Aula 13 p-3.mp4,27.61,M
/Ramadan Special Quroon-e-Aula 14/Ramadan Special Quroon-e-Aula 14 p-2.mp4,41.34,M
/Ramadan Special Quroon-e-Aula 14/Ramadan Special Quroon-e-Aula 14 p-1.mp4,41.09,M
/Ramadan Special Quroon-e-Aula 14/Ramadan Special Quroon-e-Aula 14 p-3.mp4,38.48,M
/Ramadan Special Quroon-e-Aula 15/Ramadan Special Quroon-e-Aula 15 p-1.mp4,39.33,M
/Ramadan Special Quroon-e-Aula 15/Ramadan Special Quroon-e-Aula 15 p-2.mp4,34.9,M
/Ramadan Special Quroon-e-Aula 15/Ramadan Special Quroon-e-Aula 15 p-3.mp4,16.4,M
/Ramadan Special Quroon-e-Aula 16/Ramadan Special Quroon-e-Aula 16 p-2.mp4,40.22,M
/Ramadan Special Quroon-e-Aula 16/Ramadan Special Quroon-e-Aula 16 p-1.mp4,39.95,M
/Ramadan Special Quroon-e-Aula 16/Ramadan Special Quroon-e-Aula 16 p-3.mp4,16.76,M
/Ramadan Special Quroon-e-Aula 2/Ramadan Special Quroon-e-Aula 2 p-4.mp4,23.82,M
/Ramadan Special Quroon-e-Aula 2/Ramadan Special Quroon-e-Aula 2 p-3.mp4,23.82,M
/Ramadan Special Quroon-e-Aula 2/Ramadan Special Quroon-e-Aula 2 p-2.mp4,20.02,M
/Ramadan Special Quroon-e-Aula 2/Ramadan Special Quroon-e-Aula 2 p-1.mp4,18.01,M
/Ramadan Special Quroon-e-Aula 3/Ramadan Special Quroon-e-Aula 3 p-3.mp4,22.77,M
/Ramadan Special Quroon-e-Aula 3/Ramadan Special Quroon-e-Aula 3 p-4.mp4,20.67,M
/Ramadan Special Quroon-e-Aula 3/Ramadan Special Quroon-e-Aula 3 p-2.mp4,14.16,M
/Ramadan Special Quroon-e-Aula 3/Ramadan Special Quroon-e-Aula 3 p-5.mp4,12.93,M
/Ramadan Special Quroon-e-Aula 3/Ramadan Special Quroon-e-Aula 3 p-1.mp4,10.49,M
/Ramadan Special Quroon-e-Aula 4/Ramadan Special Quroon-e-Aula 4 p-1.mp4,19.76,M
/Ramadan Special Quroon-e-Aula 4/Ramadan Special Quroon-e-Aula 4 p-2.mp4,18.81,M
/Ramadan Special Quroon-e-Aula 4/Ramadan Special Quroon-e-Aula 4 p-3.mp4,18.53,M
/Ramadan Special Quroon-e-Aula 5/Ramadan Special Quroon-e-Aula 5 p-2.mp4,41.05,M
/Ramadan Special Quroon-e-Aula 5/Ramadan Special Quroon-e-Aula 5 p-4.mp4,32.83,M
/Ramadan Special Quroon-e-Aula 5/Ramadan Special Quroon-e-Aula 5 p-3.mp4,27.25,M
/Ramadan Special Quroon-e-Aula 5/Ramadan Special Quroon-e-Aula 5 p-1.mp4,15.48,M
/Ramadan Special Quroon-e-Aula 6/Ramadan Special Quroon-e-Aula 6 p-5.mp4,26.84,M
/Ramadan Special Quroon-e-Aula 6/Ramadan Special Quroon-e-Aula 6 p-3.mp4,24.95,M
/Ramadan Special Quroon-e-Aula 6/Ramadan Special Quroon-e-Aula 6 p-2.mp4,24.94,M
/Ramadan Special Quroon-e-Aula 6/Ramadan Special Quroon-e-Aula 6 p-4.mp4,19.81,M
/Ramadan Special Quroon-e-Aula 6/Ramadan Special Quroon-e-Aula 6 p-1.mp4,14.65,M
/Ramadan Special Quroon-e-Aula 7/Ramadan Special Quroon-e-Aula 7 p-3.mp4,28.71,M
/Ramadan Special Quroon-e-Aula 7/Ramadan Special Quroon-e-Aula 7 p-2.mp4,27.35,M
/Ramadan Special Quroon-e-Aula 7/Ramadan Special Quroon-e-Aula 7 p-4.mp4,25.43,M
/Ramadan Special Quroon-e-Aula 7/Ramadan Special Quroon-e-Aula 7 p-1.mp4,19.47,M
/Ramadan Special Quroon-e-Aula 8/Ramadan Special Quroon-e-Aula 8 p-1.mp4,35.56,M
/Ramadan Special Quroon-e-Aula 8/Ramadan Special Quroon-e-Aula 8 p-2.mp4,33.19,M
/Ramadan Special Quroon-e-Aula 8/Ramadan Special Quroon-e-Aula 8 p-3.mp4,15.39,M
/Ramadan Special Quroon-e-Aula 9/Ramadan Special Quroon-e-Aula 9 p-1.mp4,45.78,M
/Ramadan Special Quroon-e-Aula 9/Ramadan Special Quroon-e-Aula 9 p-2.mp4,43.95,M
/Ramadan Special Quroon-e-Aula 9/Ramadan Special Quroon-e-Aula 9 p-3.mp4,21.67,M
