Filename,Size,Unit
/nihm_dakotareed_001.wmv,35.22,M
/nihm_dakotareed_002.wmv,36.59,M
/nihm_dakotareed_003.wmv,37.52,M
/nihm_dakotareed_004.wmv,31.6,M
