Filename,Size,Unit
Cover/The_Lovely_Bones_Dutch_R2-[cdcovers_cc]-front.jpg,2.54,M
Cover/poster.jpg,23.11,K
INFO 2Lions Team/flyer2Lions.png,366.5,K
INFO 2Lions Team/Film-Terminal-Flyer.jpg,75.87,K
INFO 2Lions Team/The Lovely Bones (2009) PAL Pioen 2Lions-Team.txt,2.71,K
INFO 2Lions Team/Read.Me.1st.[Movie-Torrentz].txt,2.2,K
INFO 2Lions Team/Torrents aan geboden door _2lions-site.nl.txt,894,B
INFO 2Lions Team/Torrent_downloaded_from_AhaShare.com.txt,630,B
INFO 2Lions Team/Torrent_downloaded_from_Demonoid.com.txt,618,B
MOVIE/THE_LOVELY_BONES.ISO,4.33,G
