Filename,Size,Unit
/Season 1/Doctor Who 2005 - 1x14 - The Christmas Invasion.avi,475.33,M
/Season 1/Doctor Who 2005 - 1x03 - The Unquiet Dead.avi,351.67,M
/Season 1/Doctor Who 2005 - 1x06 - Dalek.avi,350.98,M
/Season 1/Doctor Who 2005 - 1x10 - The Doctor Dances (part 2).avi,350.89,M
/Season 1/Doctor Who 2005 - 1x02 - The End Of The World.avi,350.57,M
/Season 1/Doctor Who 2005 - 1x04 - Aliens Of London (part 1) .avi,350.31,M
/Season 1/Doctor Who 2005 - 1x05 - World War Three (part 2).avi,350.17,M
/Season 1/Doctor Who 2005 - 1x07 - The Long Game.avi,350.15,M
/Season 1/Doctor Who 2005 - 1x01 - Rose .avi,350.06,M
/Season 1/Doctor Who 2005 - 1x13 - The Parting Of The Ways (Part 2).avi,350.06,M
/Season 1/Doctor Who 2005 - 1x08 - Father's Day.avi,350.01,M
/Season 1/Doctor Who 2005 - 1x11 - Boom Town.avi,349.96,M
/Season 1/Doctor Who 2005 - 1x12 - Bad Wolf (Part 1).avi,349.96,M
/Season 1/Doctor Who 2005 - 1x09 - The Empty Child (part 1).avi,348.52,M
/Season 1/Doctor Who 2005 - Children in need special.rmvb,13.1,M
/Season 2/Doctor Who 2006 [2x14] The Runaway Bride.avi,702.8,M
/Season 2/Doctor Who 2006 [2x01] New Earth.avi,700.01,M
/Season 2/Doctor Who 2006 [2x03] School Reunion.avi,374.47,M
/Season 2/Doctor Who 2006 [2x08] The Impossible Planet.avi,358.48,M
/Season 2/Doctor Who 2006 [2x13] Doomsday.avi,357.13,M
/Season 2/Doctor Who 2006 [2x06] The Age of Steel.avi,353.16,M
/Season 2/Doctor Who 2006 [2x09] The Satan Pit .avi,351.94,M
/Season 2/Doctor Who 2006 [2x04] The Girl in the Fireplace.avi,349.86,M
/Season 2/Doctor Who 2006 [2x02] Tooth and Claw.avi,349.83,M
/Season 2/Doctor Who 2006 [2x05] Rise of the Cybermen.avi,349.53,M
/Season 2/Doctor Who 2006 [2x12] Army of Ghosts.avi,349.52,M
/Season 2/Doctor Who 2006 [2x10] Love and Monsters .avi,349.43,M
/Season 2/Doctor Who 2006 [2x07] The Idiot's Lantern.avi,349.39,M
/Season 2/Doctor Who 2006 [2x11] Fear Her.avi,349.29,M
/Season 3/Doctor Who - Time Crash.AVI,378.61,M
/Season 3/Doctor Who 2007 [3x06] The Lazarus Experiment.avi,350.57,M
/Season 3/Doctor Who 2007 [3x08] Human Nature.avi,350.3,M
/Season 3/Doctor Who 2007 [3x07] 42.avi,350.2,M
/Season 3/Doctor Who 2007 [3x09] The Family of Blood.avi,350.16,M
/Season 3/Doctor Who 2007 [3x03] Gridlock.avi,349.95,M
/Season 3/Doctor Who 2007 [3x05] Evolution of the Daleks.avi,349.47,M
/Season 3/Doctor Who 2007 [3x04] Daleks in Manhattan.avi,349.23,M
/Season 3/Doctor Who 2007 [3x13] Last of the Time Lords.avi,349.19,M
/Season 3/Doctor Who 2007 [3x02] The Shakspeare Code.avi,347.98,M
/Season 3/Doctor Who 2007 [3x01] Smith and Jones.avi,347.75,M
/Season 3/Doctor Who 2007 [3x12] The Sound of Drums.avi,346.05,M
/Season 3/Doctor Who 2007 [3x11] Utopia.avi,345.96,M
/Season 3/Doctor Who 2007 [3x10] Blink.avi,344.92,M
/Season 4/Doctor Who 2008 [4x14] The Next Doctor.avi,699.46,M
/Season 4/Doctor Who 2008 [4x13] Journey's End.avi,697.75,M
/Season 4/Doctor Who 2007 [4xXX] Voyage of the Damned.avi,599.55,M
/Season 4/Doctor Who 2009 [4x15] Planet of the Dead.avi,524.74,M
/Season 4/Doctor Who 2008 [4x04] The Sontaran Stratagem.avi,349.7,M
/Season 4/Doctor Who 2008 [4x11] Turn Left.avi,349.67,M
/Season 4/Doctor Who 2008 [4x09] Forest of the Dead.avi,349.6,M
/Season 4/Doctor Who 2008 [4x08] Silence in the Library.avi,349.55,M
/Season 4/Doctor Who 2008 [4x07] The Unicorn and the Wasp.avi,349.52,M
/Season 4/Doctor Who 2008 [4x05] The Poison Sky.avi,349.51,M
/Season 4/Doctor Who 2008 [4x01] Partners in Crime.avi,349.37,M
/Season 4/Doctor Who 2008 [4x02] The Fires of Pompeii.avi,349.34,M
/Season 4/Doctor Who 2008 [4x03] Planet of the Ood.avi,349.29,M
/Season 4/Doctor Who 2008 [4x12] The Stolen Earth.avi,349.1,M
/Season 4/Doctor Who 2008 [4x10] Midnight.avi,348.06,M
/Season 4/Doctor Who 2008 [4x06] The Doctor's Daughter.avi,346.99,M
/Season 4/Doctor.Who.2008.Skit.Partners.in.Crime.WS.XviD.avi,54.66,M
