Filename,Size,Unit
/Our Will Be Done/14 No One Can Make Me Play Along Wit.mp3,4.71,M
/Our Will Be Done/15 Down On My Knees.mp3,4.31,M
/Our Will Be Done/09 By the Door.mp3,3.75,M
/Our Will Be Done/12 Similar Items.mp3,3.5,M
/Our Will Be Done/05 Legal Genocide.mp3,3.42,M
/Our Will Be Done/08 Hinkley Had a Vision.mp3,3.03,M
/Our Will Be Done/06 I am the Establishment.mp3,2.63,M
/Our Will Be Done/01 Democracy Spawns Bad Taste.mp3,2.58,M
/Our Will Be Done/07 Cops for Fertilizer.mp3,2.48,M
/Our Will Be Done/04 Marching for Trash.mp3,2.43,M
/Our Will Be Done/02 Go Bankrupt and Die.mp3,2.09,M
/Our Will Be Done/13 Official Terrorism.mp3,2.01,M
/Our Will Be Done/11 I Was.mp3,1.95,M
/Our Will Be Done/16 Annual Report.mp3,1.87,M
"/Our Will Be Done/10 Oh Where, Oh Where_.mp3",1.63,M
/Our Will Be Done/03 You Give Me the Creeps.mp3,1.45,M
/The LD Eye/07 Jeanetta Jones.mp3,10.75,M
/The LD Eye/05 Officer Powell.mp3,9.78,M
/The LD Eye/01 The L.D. Eye Theme.mp3,9.25,M
/The LD Eye/02 Lights Over Baghdad.mp3,8.94,M
/The LD Eye/03 The Story Of Thomas McElwee.mp3,6.96,M
/The LD Eye/06 Artificial Girl.mp3,6.59,M
/The LD Eye/04 Suicide.mp3,5.4,M
/Wisconsin/13 The Savior.mp3,8.98,M
/Wisconsin/08 When the Top Comes Off.mp3,6.9,M
/Wisconsin/07 Pig in a Blanket.mp3,6.19,M
/Wisconsin/09 Concession Stand.mp3,5.98,M
/Wisconsin/11 Artificial Competition.mp3,4.56,M
/Wisconsin/10 Wisconsin.mp3,3.35,M
/Wisconsin/03 Washington.mp3,2.96,M
/Wisconsin/04 Resurrection.mp3,2.84,M
/Wisconsin/06 Laws Against Laughing.mp3,2.65,M
/Wisconsin/01Intro.mp3,2.39,M
/Wisconsin/12 Holiday Parade.mp3,2.27,M
/Wisconsin/02The Mountain Song.mp3,1.92,M
/Wisconsin/05 Earth by Invitation Only.mp3,1.52,M
