Filename,Size,Unit
/The Db's - Repercussion - 03 - Happenstance.flac,25.9,M
/The Db's - Repercussion - 07 - I Feel Good (Today).flac,24.81,M
/The Db's - Repercussion - 11 - Nothing Is Wrong.flac,24.69,M
/The Db's - Repercussion - 01 - Living A Lie.flac,23.89,M
/The Db's - Repercussion - 09 - Ups And Downs.flac,21.29,M
/The Db's - Repercussion - 10 - In Spain.flac,20.9,M
/The Db's - Repercussion - 05 - Amplifier.flac,20.75,M
/The Db's - Repercussion - 12 - Neverland.flac,18.24,M
/The Db's - Repercussion - 08 - Storm Warning.flac,18.03,M
/The Db's - Repercussion - 06 - Ask For Jill.flac,17.54,M
/The Db's - Repercussion - 02 - We Were Happy There.flac,16.79,M
/The Db's - Repercussion - 04 - From A Window To A Screen.flac,16.07,M
/The Db's - Repercussion - 13 - Ph Factor.flac,14.53,M
/The dB's.torrent,11.53,K
