Filename,Size,Unit
Please Read This Guide Now.txt,493,B
Stealth.Rider.S01E05.DSR.XviD-OMiCRON.avi,173.9,M
stealth.rider.s01e05.dsr.xvid-omicron.nfo,8.59,K
www.Torrentday.com.txt,493,B
