Title,Type,Files,Size,IMDB,Spoken Languages,Texted Languages,Tags,Quality (+),Quality (-),Uploaded,By,User Type,Seeders,Leechers,Info Hash,Picture,Capture Date
High On Fire - Snakes For The Divine (2010) mp3@320],101,9,105.41 MiB (110531538 Bytes),,,,"""High"",""Fire"",""Snake"",""For"",""Divine""",1,0,2010-02-17T20:28:57Z,zibbik,[V],25,2,625F43F4E567003F0F8807690F723A96E8E0BF93,,2012-07-20T10:38:31Z
