Title,Type,Files,Size,IMDB,Spoken Languages,Texted Languages,Tags,Quality (+),Quality (-),Uploaded,By,User Type,Seeders,Leechers,Info Hash,Picture,Capture Date
Paul Van Dyk Discography,101,459,3.88 GiB (4162897043 Bytes),,,,"""Paul Van Dyk"",""Trance""",6,1,2009-09-22T21:08:12Z,zeiten,,22,7,A3C8EE3637B1A9B723FDBEB9A2359A19AA819873,,2012-07-27T01:22:47Z
