Filename,Size,Unit
/An American Crime.(DVDRip.Spanish).Www.LokoTorrents.Com.avi,696.63,M
