Filename,Size,Unit
Genesis Dekaron.rar,1.19,G
