Filename,Size,Unit
[NDS] Imagine_Salon_Stylist_USA_NDS-[ESPACONSOLAS.com].rar,16.83,M
