Title,Type,Files,Size,IMDB,Spoken Languages,Texted Languages,Tags,Quality (+),Quality (-),Uploaded,By,User Type,Seeders,Leechers,Info Hash,Picture,Capture Date
Naruto shippuuden - 163 [Hyogo] [ATG] vost-french HD.mp4,205,1,230.29 MiB (241474485 Bytes),,Japanese,French,,1,0,2010-06-05T11:02:14Z,aresteam,,0,0,90F1A054E35AC61DB1A7004E01218B7302F2A921,,2012-07-15T04:57:21Z
