Title,Type,Files,Size,IMDB,Spoken Languages,Texted Languages,Tags,Quality (+),Quality (-),Uploaded,By,User Type,Seeders,Leechers,Info Hash,Picture,Capture Date
What Happens In Vegas *2008* [DVDRip.XviD-miguel] [Lektor PL],201,3,701.93 MiB (736029735 Bytes),http://www.imdb.com/title/tt1033643/,Polish,Polish,"""what"",""happens"",""vegas"",""2008"",""comedy"",""romanse""",1,2,2010-08-27T09:52:05Z,miguel1983,[V],0,0,7E37AEBEE8D84AB876DC4458A94A7B9B6616E7A8,,2012-07-07T17:26:18Z
