Filename,Size,Unit
20 Amazing Nature Full HD Wallpapers 1080p [Set 2].rar,16.16,M
