Filename,Size,Unit
/Death Race 2000-NPW.sfv,2.1,K
/Death Race 2000-Sample.avi,21.45,M
/Death Race 2000.avi,1.8,G
/NPW.nfo,4.54,K
/Read This Guide Now.txt,502,B
/www.Torrentday.com.txt,502,B
