Title,Type,Files,Size,IMDB,Spoken Languages,Texted Languages,Tags,Quality (+),Quality (-),Uploaded,By,User Type,Seeders,Leechers,Info Hash,Picture,Capture Date
VA.-.Ministry.Of.Sound.Bacardi.B.Live.Vol.10.2CDs.(2009).Mp3endi,101,11,221.28 MiB (232026939 Bytes),,,,,0,1,2009-09-01T13:37:26Z,LDivx,[T],0,0,A02CB3F0998BFCB1EE778AC952DECDC9AD7C0868,,2012-07-27T11:45:23Z
