Filename,Size,Unit
/kafferep-grizzly.nfo,2.88,K
/kafferep-grizzly.r00,14.31,M
/kafferep-grizzly.r01,14.31,M
/kafferep-grizzly.r02,14.31,M
/kafferep-grizzly.r03,14.31,M
/kafferep-grizzly.r04,14.31,M
/kafferep-grizzly.r05,14.31,M
/kafferep-grizzly.r06,14.31,M
/kafferep-grizzly.r07,14.31,M
/kafferep-grizzly.r08,14.31,M
/kafferep-grizzly.r09,14.31,M
/kafferep-grizzly.r10,14.31,M
/kafferep-grizzly.r11,14.31,M
/kafferep-grizzly.r12,14.31,M
/kafferep-grizzly.r13,14.31,M
/kafferep-grizzly.r14,14.31,M
/kafferep-grizzly.r15,14.31,M
/kafferep-grizzly.r16,14.31,M
/kafferep-grizzly.r17,14.31,M
/kafferep-grizzly.r18,14.31,M
/kafferep-grizzly.r19,14.31,M
/kafferep-grizzly.r20,14.31,M
/kafferep-grizzly.r21,14.31,M
/kafferep-grizzly.r22,14.31,M
/kafferep-grizzly.r23,9.71,M
/kafferep-grizzly.rar,14.31,M
/kafferep-grizzly.sfv,775,B
/Read-Me.txt,402,B
/www.torrentday.com.txt,402,B
