Filename,Size,Unit
/Cover/Follow You Into The Dark.mp3,1.64,M
/Dear Juliet EP/01 Love Note.mp3,2.22,M
/Dear Juliet EP/02 Fairview.mp3,8.27,M
/Dear Juliet EP/03 Summer's Song.mp3,9.54,M
/Dear Juliet EP/04 Lullaby.mp3,6.85,M
"/Dear Juliet EP/05 Don't Fade Away, Don't Fall Aslee.mp3",10.15,M
/Dear Juliet EP/06 The Second That You Say.mp3,3.58,M
/Dear Juliet EP/07 The Thing I'll Miss Most.mp3,5.64,M
/December EP/01 December.mp3,3.25,M
/December EP/02 Eight-Dollar Engagement Rings.mp3,3.53,M
/December EP/03 A Lovely Sound.mp3,3,M
/Goodbyes and Autumn Skies/01 A Rainy Day Song.mp3,5.65,M
/Goodbyes and Autumn Skies/02 Never Change.mp3,6.65,M
/Goodbyes and Autumn Skies/03 All Those Nights.mp3,9.51,M
/Goodbyes and Autumn Skies/04 If the Moon Fell Down.mp3,6.19,M
/Goodbyes and Autumn Skies/05 Take Me Away.mp3,9.57,M
/Goodbyes and Autumn Skies/06 I'm Ready.mp3,6.49,M
/Goodbyes and Autumn Skies/07 Turn Back the Time.mp3,6.09,M
/Goodbyes and Autumn Skies/08 I Need This More (Bonus Track).mp3,7.7,M
/Look How Far We've Come/440.mp3,1.1,M
/Look How Far We've Come/Coming Clean.mp3,2.36,M
/Look How Far We've Come/Deathbed.mp3,3.32,M
/Look How Far We've Come/If the Moon Fell Down (New Version).mp3,1.92,M
/Look How Far We've Come/Interlude.mp3,3.68,M
/Look How Far We've Come/Mockingbird.mp3,2.31,M
/Look How Far We've Come/My Heart Will Find Rest.mp3,1.67,M
/Look How Far We've Come/Never Had the Courage.mp3,2.41,M
/Look How Far We've Come/Slow Down.mp3,2.43,M
/Look How Far We've Come/Summer's Song (New Version).mp3,3.23,M
/Look How Far We've Come/What She's Looking For.mp3,1.89,M
