Filename,Size,Unit
rapid.response.s03e10.pdtv.xvid-fihtv.nfo,4.21,K
rapid.response.s03e10.pdtv.xvid-fihtv.part01.rar,14.31,M
rapid.response.s03e10.pdtv.xvid-fihtv.part02.rar,14.31,M
rapid.response.s03e10.pdtv.xvid-fihtv.part03.rar,14.31,M
rapid.response.s03e10.pdtv.xvid-fihtv.part04.rar,14.31,M
rapid.response.s03e10.pdtv.xvid-fihtv.part05.rar,14.31,M
rapid.response.s03e10.pdtv.xvid-fihtv.part06.rar,14.31,M
rapid.response.s03e10.pdtv.xvid-fihtv.part07.rar,14.31,M
rapid.response.s03e10.pdtv.xvid-fihtv.part08.rar,14.31,M
rapid.response.s03e10.pdtv.xvid-fihtv.part09.rar,14.31,M
rapid.response.s03e10.pdtv.xvid-fihtv.part10.rar,14.31,M
rapid.response.s03e10.pdtv.xvid-fihtv.part11.rar,14.31,M
rapid.response.s03e10.pdtv.xvid-fihtv.part12.rar,14.31,M
rapid.response.s03e10.pdtv.xvid-fihtv.part13.rar,3.91,M
rapid.response.s03e10.pdtv.xvid-fihtv.sfv,767,B
This torrent has been downloaded from scenetime.com.txt,143,B
