Filename,Size,Unit
/7Loader By Orbit30 & Hazar v1.1.exe,10.29,M
/iNFO.nfo,887,B
