Title,Type,Files,Size,IMDB,Spoken Languages,Texted Languages,Tags,Quality (+),Quality (-),Uploaded,By,User Type,Seeders,Leechers,Info Hash,Picture,Capture Date
Hot chick from Ohio gets fucked (anal),506,1,128.54 MiB (134780002 Bytes),,,,"""anal"",""emo"",""goth"",""punk"",""tattoo""",1,0,2009-09-13T18:05:47Z,kennyl10,,0,0,3657EB22E9866B0CD55247F35B879DBC9935C6F9,,2012-07-27T06:02:11Z
