Title,Type,Files,Size,IMDB,Spoken Languages,Texted Languages,Tags,Quality (+),Quality (-),Uploaded,By,User Type,Seeders,Leechers,Info Hash,Picture,Capture Date
Katia AbbyWinters,503,1,63.29 MiB (66367828 Bytes),,,,"""plump"",""chubby"",""ass"",""buns""",1,0,2010-08-21T11:53:38Z,etaion999,,0,0,D5BFB0B6599E1069F723E890AE57C3A6DA31D51C,http://image.bayimg.com/kaobiaaci.jpg,2012-07-07T23:15:43Z
