Filename,Size,Unit
/hardtied 2010-02-03 Samantha Grace pics/sgrace_01_02.jpg,518.08,K
/hardtied 2010-02-03 Samantha Grace pics/sgrace_01_01.jpg,503.43,K
/hardtied 2010-02-03 Samantha Grace pics/sgrace_04_15.jpg,498.4,K
/hardtied 2010-02-03 Samantha Grace pics/sgrace_04_02.jpg,497.5,K
/hardtied 2010-02-03 Samantha Grace pics/sgrace_01_13.jpg,491.75,K
/hardtied 2010-02-03 Samantha Grace pics/sgrace_02_34.jpg,489.92,K
/hardtied 2010-02-03 Samantha Grace pics/sgrace_02_38.jpg,483.92,K
/hardtied 2010-02-03 Samantha Grace pics/sgrace_01_28.jpg,482.24,K
/hardtied 2010-02-03 Samantha Grace pics/sgrace_04_05.jpg,479.46,K
/hardtied 2010-02-03 Samantha Grace pics/sgrace_03_06.jpg,478.18,K
/hardtied 2010-02-03 Samantha Grace pics/sgrace_01_27.jpg,474.88,K
/hardtied 2010-02-03 Samantha Grace pics/sgrace_03_07.jpg,469.3,K
/hardtied 2010-02-03 Samantha Grace pics/sgrace_01_04.jpg,469.13,K
/hardtied 2010-02-03 Samantha Grace pics/sgrace_04_26.jpg,467.03,K
/hardtied 2010-02-03 Samantha Grace pics/sgrace_04_09.jpg,466.31,K
/hardtied 2010-02-03 Samantha Grace pics/sgrace_01_05.jpg,462.83,K
/hardtied 2010-02-03 Samantha Grace pics/sgrace_01_17.jpg,462.43,K
/hardtied 2010-02-03 Samantha Grace pics/sgrace_01_03.jpg,460.79,K
/hardtied 2010-02-03 Samantha Grace pics/sgrace_01_29.jpg,460.07,K
/hardtied 2010-02-03 Samantha Grace pics/sgrace_03_11.jpg,455.21,K
/hardtied 2010-02-03 Samantha Grace pics/sgrace_02_32.jpg,454.68,K
/hardtied 2010-02-03 Samantha Grace pics/sgrace_02_31.jpg,453.33,K
/hardtied 2010-02-03 Samantha Grace pics/sgrace_01_10.jpg,451.44,K
/hardtied 2010-02-03 Samantha Grace pics/sgrace_02_15.jpg,447.61,K
/hardtied 2010-02-03 Samantha Grace pics/sgrace_02_20.jpg,446.47,K
/hardtied 2010-02-03 Samantha Grace pics/sgrace_03_31.jpg,443.79,K
/hardtied 2010-02-03 Samantha Grace pics/sgrace_02_25.jpg,443.13,K
/hardtied 2010-02-03 Samantha Grace pics/sgrace_04_17.jpg,442.46,K
/hardtied 2010-02-03 Samantha Grace pics/sgrace_02_12.jpg,441.36,K
/hardtied 2010-02-03 Samantha Grace pics/sgrace_04_07.jpg,439.66,K
/hardtied 2010-02-03 Samantha Grace pics/sgrace_01_15.jpg,437.05,K
/hardtied 2010-02-03 Samantha Grace pics/sgrace_01_23.jpg,436.05,K
/hardtied 2010-02-03 Samantha Grace pics/sgrace_02_16.jpg,433.33,K
/hardtied 2010-02-03 Samantha Grace pics/sgrace_04_20.jpg,430.68,K
/hardtied 2010-02-03 Samantha Grace pics/sgrace_02_23.jpg,430.47,K
/hardtied 2010-02-03 Samantha Grace pics/sgrace_03_01.jpg,428.57,K
/hardtied 2010-02-03 Samantha Grace pics/sgrace_01_08.jpg,427.35,K
/hardtied 2010-02-03 Samantha Grace pics/sgrace_02_06.jpg,422.91,K
/hardtied 2010-02-03 Samantha Grace pics/sgrace_02_03.jpg,421.84,K
/hardtied 2010-02-03 Samantha Grace pics/sgrace_02_27.jpg,420.14,K
/hardtied 2010-02-03 Samantha Grace pics/sgrace_01_11.jpg,419.07,K
/hardtied 2010-02-03 Samantha Grace pics/sgrace_02_37.jpg,410.95,K
/hardtied 2010-02-03 Samantha Grace pics/sgrace_04_13.jpg,410.33,K
/hardtied 2010-02-03 Samantha Grace pics/sgrace_03_15.jpg,406.69,K
/hardtied 2010-02-03 Samantha Grace pics/sgrace_04_01.jpg,402.19,K
/hardtied 2010-02-03 Samantha Grace pics/sgrace_01_19.jpg,382.07,K
/hardtied 2010-02-03 Samantha Grace pics/sgrace_03_18.jpg,379.68,K
/hardtied 2010-02-03 Samantha Grace pics/sgrace_03_33.jpg,376.57,K
/hardtied 2010-02-03 Samantha Grace pics/sgrace_03_03.jpg,363.57,K
/hardtied 2010-02-03 Samantha Grace pics/sgrace_03_19.jpg,360.31,K
/hardtied 2010-02-03 Samantha Grace pics/sgrace_04_30.jpg,330.73,K
/hardtied 2010-02-03 Samantha Grace pics/sgrace_04_14.jpg,321.02,K
/hardtied 2010-02-03 Samantha Grace pics/sgrace_05_07.jpg,318.03,K
/hardtied 2010-02-03 Samantha Grace pics/sgrace_01_09.jpg,310.24,K
/hardtied 2010-02-03 Samantha Grace pics/sgrace_04_27.jpg,308.47,K
/hardtied 2010-02-03 Samantha Grace pics/sgrace_03_44.jpg,308.02,K
/hardtied 2010-02-03 Samantha Grace pics/sgrace_02_02.jpg,306.95,K
/hardtied 2010-02-03 Samantha Grace pics/sgrace_01_20.jpg,304.4,K
/hardtied 2010-02-03 Samantha Grace pics/sgrace_05_01.jpg,303.75,K
/hardtied 2010-02-03 Samantha Grace pics/sgrace_04_31.jpg,302.77,K
/hardtied 2010-02-03 Samantha Grace pics/sgrace_04_04.jpg,300.21,K
/hardtied 2010-02-03 Samantha Grace pics/sgrace_05_04.jpg,299.84,K
/hardtied 2010-02-03 Samantha Grace pics/sgrace_03_13.jpg,299.64,K
/hardtied 2010-02-03 Samantha Grace pics/sgrace_03_26.jpg,299.42,K
/hardtied 2010-02-03 Samantha Grace pics/sgrace_03_14.jpg,298.31,K
/hardtied 2010-02-03 Samantha Grace pics/sgrace_02_28.jpg,297.03,K
/hardtied 2010-02-03 Samantha Grace pics/sgrace_04_10.jpg,296.77,K
/hardtied 2010-02-03 Samantha Grace pics/sgrace_03_40.jpg,296.63,K
/hardtied 2010-02-03 Samantha Grace pics/sgrace_01_26.jpg,296.55,K
/hardtied 2010-02-03 Samantha Grace pics/sgrace_04_24.jpg,296.52,K
/hardtied 2010-02-03 Samantha Grace pics/sgrace_04_03.jpg,296.38,K
/hardtied 2010-02-03 Samantha Grace pics/sgrace_03_29.jpg,295.22,K
/hardtied 2010-02-03 Samantha Grace pics/sgrace_03_20.jpg,294.65,K
/hardtied 2010-02-03 Samantha Grace pics/sgrace_04_25.jpg,292.66,K
/hardtied 2010-02-03 Samantha Grace pics/sgrace_02_19.jpg,291.34,K
/hardtied 2010-02-03 Samantha Grace pics/sgrace_01_12.jpg,291.08,K
/hardtied 2010-02-03 Samantha Grace pics/sgrace_04_32.jpg,290.34,K
/hardtied 2010-02-03 Samantha Grace pics/sgrace_02_05.jpg,290.27,K
/hardtied 2010-02-03 Samantha Grace pics/sgrace_03_04.jpg,290.17,K
/hardtied 2010-02-03 Samantha Grace pics/sgrace_01_21.jpg,289.38,K
/hardtied 2010-02-03 Samantha Grace pics/sgrace_03_32.jpg,289.23,K
/hardtied 2010-02-03 Samantha Grace pics/sgrace_02_35.jpg,288.61,K
/hardtied 2010-02-03 Samantha Grace pics/sgrace_04_19.jpg,288.27,K
/hardtied 2010-02-03 Samantha Grace pics/sgrace_03_16.jpg,288.18,K
/hardtied 2010-02-03 Samantha Grace pics/sgrace_03_08.jpg,288.07,K
/hardtied 2010-02-03 Samantha Grace pics/sgrace_04_22.jpg,287.88,K
/hardtied 2010-02-03 Samantha Grace pics/sgrace_02_21.jpg,285.82,K
/hardtied 2010-02-03 Samantha Grace pics/sgrace_02_30.jpg,283.95,K
/hardtied 2010-02-03 Samantha Grace pics/sgrace_03_37.jpg,283.65,K
/hardtied 2010-02-03 Samantha Grace pics/sgrace_04_18.jpg,283.06,K
/hardtied 2010-02-03 Samantha Grace pics/sgrace_03_38.jpg,282.81,K
/hardtied 2010-02-03 Samantha Grace pics/sgrace_01_18.jpg,281.16,K
/hardtied 2010-02-03 Samantha Grace pics/sgrace_04_23.jpg,281.15,K
/hardtied 2010-02-03 Samantha Grace pics/sgrace_02_29.jpg,280.32,K
/hardtied 2010-02-03 Samantha Grace pics/sgrace_03_34.jpg,280.31,K
/hardtied 2010-02-03 Samantha Grace pics/sgrace_03_24.jpg,280.29,K
/hardtied 2010-02-03 Samantha Grace pics/sgrace_05_10.jpg,279.87,K
/hardtied 2010-02-03 Samantha Grace pics/sgrace_04_33.jpg,279.81,K
/hardtied 2010-02-03 Samantha Grace pics/sgrace_04_16.jpg,279.63,K
/hardtied 2010-02-03 Samantha Grace pics/sgrace_04_11.jpg,279.55,K
/hardtied 2010-02-03 Samantha Grace pics/sgrace_03_35.jpg,279.05,K
/hardtied 2010-02-03 Samantha Grace pics/sgrace_04_29.jpg,278.75,K
/hardtied 2010-02-03 Samantha Grace pics/sgrace_03_22.jpg,278,K
/hardtied 2010-02-03 Samantha Grace pics/sgrace_02_10.jpg,277.9,K
/hardtied 2010-02-03 Samantha Grace pics/sgrace_03_21.jpg,277.85,K
/hardtied 2010-02-03 Samantha Grace pics/sgrace_03_41.jpg,277.48,K
/hardtied 2010-02-03 Samantha Grace pics/sgrace_01_24.jpg,277.47,K
/hardtied 2010-02-03 Samantha Grace pics/sgrace_03_42.jpg,277.44,K
/hardtied 2010-02-03 Samantha Grace pics/sgrace_02_26.jpg,277.39,K
/hardtied 2010-02-03 Samantha Grace pics/sgrace_01_22.jpg,277.25,K
/hardtied 2010-02-03 Samantha Grace pics/sgrace_03_28.jpg,277.25,K
/hardtied 2010-02-03 Samantha Grace pics/sgrace_02_33.jpg,276.31,K
/hardtied 2010-02-03 Samantha Grace pics/sgrace_04_21.jpg,276.25,K
/hardtied 2010-02-03 Samantha Grace pics/sgrace_02_36.jpg,275.22,K
/hardtied 2010-02-03 Samantha Grace pics/sgrace_05_09.jpg,274.56,K
/hardtied 2010-02-03 Samantha Grace pics/sgrace_02_04.jpg,273.72,K
/hardtied 2010-02-03 Samantha Grace pics/sgrace_02_11.jpg,273.68,K
/hardtied 2010-02-03 Samantha Grace pics/sgrace_03_30.jpg,273.46,K
/hardtied 2010-02-03 Samantha Grace pics/sgrace_03_39.jpg,272.15,K
/hardtied 2010-02-03 Samantha Grace pics/sgrace_05_02.jpg,272.05,K
/hardtied 2010-02-03 Samantha Grace pics/sgrace_02_08.jpg,272,K
/hardtied 2010-02-03 Samantha Grace pics/sgrace_02_13.jpg,271.92,K
/hardtied 2010-02-03 Samantha Grace pics/sgrace_05_03.jpg,271.47,K
/hardtied 2010-02-03 Samantha Grace pics/sgrace_01_06.jpg,271.05,K
/hardtied 2010-02-03 Samantha Grace pics/sgrace_02_24.jpg,271,K
/hardtied 2010-02-03 Samantha Grace pics/sgrace_05_13.jpg,270.93,K
/hardtied 2010-02-03 Samantha Grace pics/sgrace_05_08.jpg,270.61,K
/hardtied 2010-02-03 Samantha Grace pics/sgrace_05_05.jpg,269.79,K
/hardtied 2010-02-03 Samantha Grace pics/sgrace_03_02.jpg,269.43,K
/hardtied 2010-02-03 Samantha Grace pics/sgrace_04_08.jpg,269.28,K
/hardtied 2010-02-03 Samantha Grace pics/sgrace_02_22.jpg,269.03,K
/hardtied 2010-02-03 Samantha Grace pics/sgrace_01_14.jpg,265.32,K
/hardtied 2010-02-03 Samantha Grace pics/sgrace_02_18.jpg,264.03,K
/hardtied 2010-02-03 Samantha Grace pics/sgrace_01_16.jpg,259.68,K
/hardtied 2010-02-03 Samantha Grace pics/sgrace_03_09.jpg,259.32,K
/hardtied 2010-02-03 Samantha Grace pics/sgrace_04_06.jpg,259.31,K
/hardtied 2010-02-03 Samantha Grace pics/sgrace_03_23.jpg,258.76,K
/hardtied 2010-02-03 Samantha Grace pics/sgrace_04_12.jpg,258.16,K
/hardtied 2010-02-03 Samantha Grace pics/sgrace_05_11.jpg,257.16,K
/hardtied 2010-02-03 Samantha Grace pics/sgrace_03_17.jpg,256.67,K
/hardtied 2010-02-03 Samantha Grace pics/sgrace_02_17.jpg,255.46,K
/hardtied 2010-02-03 Samantha Grace pics/sgrace_03_12.jpg,253.7,K
/hardtied 2010-02-03 Samantha Grace pics/sgrace_03_36.jpg,253.01,K
/hardtied 2010-02-03 Samantha Grace pics/sgrace_04_28.jpg,252.97,K
/hardtied 2010-02-03 Samantha Grace pics/sgrace_05_12.jpg,251.5,K
/hardtied 2010-02-03 Samantha Grace pics/sgrace_03_43.jpg,248.62,K
/hardtied 2010-02-03 Samantha Grace pics/sgrace_02_09.jpg,247.39,K
/hardtied 2010-02-03 Samantha Grace pics/sgrace_03_25.jpg,246.01,K
/hardtied 2010-02-03 Samantha Grace pics/sgrace_03_10.jpg,242.88,K
/hardtied 2010-02-03 Samantha Grace pics/sgrace_02_01.jpg,238.61,K
/hardtied 2010-02-03 Samantha Grace pics/sgrace_03_05.jpg,235.53,K
/hardtied 2010-02-03 Samantha Grace pics/sgrace_05_06.jpg,235.36,K
/hardtied 2010-02-03 Samantha Grace pics/sgrace_03_27.jpg,232.63,K
/hardtied 2010-02-03 Samantha Grace pics/sgrace_02_14.jpg,227.38,K
/hardtied 2010-02-03 Samantha Grace pics/sgrace_02_07.jpg,225.48,K
/hardtied 2010-02-03 Samantha Grace pics/sgrace_01_25.jpg,218.93,K
/hardtied 2010-02-03 Samantha Grace pics/sgrace_01_07.jpg,210.15,K
/hardtied 2010-02-03 Samantha Grace.mp4,561.48,M
/hardtied 2010-02-03 Samantha Grace.jpg,284.13,K
/hardtied 2010-02-03 Samantha Grace.mp4_thumbs.jpg,236.71,K
