Filename,Size,Unit
/Chapter01.avi,121,M
/Chapter02.avi,115.5,M
/Chapter03.avi,109.22,M
/Chapter04.avi,65.6,M
/AA.mp3,16.17,M
/ELAM.mp3,14.31,M
/Chapter05.avi,10.38,M
/The Lay Reports.pdf,1.71,M
/Womanese_Report.pdf,370.09,K
/Torrent downloaded from Demonoid.com.txt,47,B
