Title,Type,Files,Size,IMDB,Spoken Languages,Texted Languages,Tags,Quality (+),Quality (-),Uploaded,By,User Type,Seeders,Leechers,Info Hash,Picture,Capture Date
sian lloyd topless.jpg,503,1,212.71 KiB (217816 Bytes),,,,"""nude"",""topless""",0,2,2010-03-14T10:48:07Z,Anonymous,,1,1,DF9EF242E8D008CDCC40FEBA873146276D85A1DD,,2012-07-19T05:05:15Z
