Filename,Size,Unit
Espana campeona del mundo.pdf,18.62,M
