Title,Type,Files,Size,IMDB,Spoken Languages,Texted Languages,Tags,Quality (+),Quality (-),Uploaded,By,User Type,Seeders,Leechers,Info Hash,Picture,Capture Date
she screasm to be fucked hard even when she has back problems an,506,1,57.71 MiB (60512180 Bytes),,,,"""homemade"",""amateur"",""tattoo"",""riding"",""doggy.style"",""orgasm"",""doggy""",0,0,2009-11-25T23:16:50Z,beta2008x,[V],0,0,B3A6D548652584F37C3F4DAD2982B4AEC8C8F911,,2012-07-24T08:47:15Z
