Filename,Size,Unit
Eric Saade - Break Of Dawn (Live AllsÃ¥ng PÃ¥ Skansen 2010).avi,36.69,M
