Filename,Size,Unit
Nuclear.Hurricane.2007.DVDRip.x264-SHiTTy.mkv,696.74,M
Nuclear.Hurricane.2007.DVDRip.x264-SHiTTy.nfo,655,B
www.SceneTime.com.txt,214,B
