Filename,Size,Unit
Theresa Andersson - Na Na Na (Live Nyhetsmorgon 2010).avi,33.77,M
