Filename,Size,Unit
/Hotet frÃ¥n underjorden.iso,4.36,G
/Tremors.jpg,2.08,M
/Hotet frÃ¥n underjorden.jpg,536.7,K
