Title,Type,Files,Size,IMDB,Spoken Languages,Texted Languages,Tags,Quality (+),Quality (-),Uploaded,By,User Type,Seeders,Leechers,Info Hash,Picture,Capture Date
Peter MorÃ©n - Esther,203,1,33.76 MiB (35402884 Bytes),,,,,0,0,2010-05-16T14:50:07Z,RosaMannen,[V],0,0,8F1E52D31921418BE69DD08F7075DC51FEB62F78,,2012-07-16T03:35:58Z
