Filename,Size,Unit
front.jpg,23.43,K
vbt-18.years.old.russians.love_a.avi,700.02,M
vbt-18.years.old.russians.love_b.avi,700.23,M
