Filename,Size,Unit
Big.Love.S04E08.HDTV.XviD-NoTV.avi,548.92,M
