Filename,Size,Unit
last.call.with.carson.daly.2010.11.03.craig.robinson.ws.pdtv.xvid-187hd.nfo,220,B
last.call.with.carson.daly.2010.11.03.craig.robinson.ws.pdtv.xvid-187hd.r00,14.31,M
last.call.with.carson.daly.2010.11.03.craig.robinson.ws.pdtv.xvid-187hd.r01,14.31,M
last.call.with.carson.daly.2010.11.03.craig.robinson.ws.pdtv.xvid-187hd.r02,14.31,M
last.call.with.carson.daly.2010.11.03.craig.robinson.ws.pdtv.xvid-187hd.r03,14.31,M
last.call.with.carson.daly.2010.11.03.craig.robinson.ws.pdtv.xvid-187hd.r04,14.31,M
last.call.with.carson.daly.2010.11.03.craig.robinson.ws.pdtv.xvid-187hd.r05,14.31,M
last.call.with.carson.daly.2010.11.03.craig.robinson.ws.pdtv.xvid-187hd.r06,14.31,M
last.call.with.carson.daly.2010.11.03.craig.robinson.ws.pdtv.xvid-187hd.r07,14.31,M
last.call.with.carson.daly.2010.11.03.craig.robinson.ws.pdtv.xvid-187hd.r08,14.31,M
last.call.with.carson.daly.2010.11.03.craig.robinson.ws.pdtv.xvid-187hd.r09,14.31,M
last.call.with.carson.daly.2010.11.03.craig.robinson.ws.pdtv.xvid-187hd.r10,14.31,M
last.call.with.carson.daly.2010.11.03.craig.robinson.ws.pdtv.xvid-187hd.r11,4.38,M
last.call.with.carson.daly.2010.11.03.craig.robinson.ws.pdtv.xvid-187hd.rar,14.31,M
last.call.with.carson.daly.2010.11.03.craig.robinson.ws.pdtv.xvid-187hd.sfv,1.09,K
This torrent has been downloaded from scenetime.com.txt,143,B
