Filename,Size,Unit
Ax.Men.S03E10.HDTV.XviD.GNARLY.avi,349.42,M
