User Type,Username,Date,Text
,marioplaza,2011-01-27T09:57Z,"Gasiti toate DVD-urile Magic English de la 1 - 50 inlusiv reviste, coperti si labele scanate pe digitalfotoart punct dyndns punct org
un tracker de torrente nou cu filme jocuri si multe altele exclusiv pentru copii"
