Filename,Size,Unit
Britny_Fox_-_Dream_On_(2nafish).mpg,157.61,M
