Title,Type,Files,Size,IMDB,Spoken Languages,Texted Languages,Tags,Quality (+),Quality (-),Uploaded,By,User Type,Seeders,Leechers,Info Hash,Picture,Capture Date
Cosmos - War Of The Planets or (Anno zero - guerra nello spazio),699,1,700.19 MiB (734205952 Bytes),,,,,0,0,2010-07-26T06:29:19Z,Anonymous,,0,0,2374155F5EC3EB0C2B852245018F6F72A0B21F64,,2012-07-09T12:35:21Z
