User Type,Username,Date,Text
,gogothen,2009-11-25T12:59Z,is there a way u can makes these into ipod 4mat
