User Type,Username,Date,Text
[T],atkfanII,2009-11-05T19:18Z,Sexy exotic beauty Tiara's back for another round of spread that ass
