Title,Type,Files,Size,IMDB,Spoken Languages,Texted Languages,Tags,Quality (+),Quality (-),Uploaded,By,User Type,Seeders,Leechers,Info Hash,Picture,Capture Date
BattleTanks II Portable,401,1,15.97 MiB (16750852 Bytes),,,,,0,0,2010-06-29T19:25:52Z,Geckill,,1,0,CFBBB1143CA8818146DA536C0C78289BB20A8705,,2012-07-13T14:53:55Z
