Title,Type,Files,Size,IMDB,Spoken Languages,Texted Languages,Tags,Quality (+),Quality (-),Uploaded,By,User Type,Seeders,Leechers,Info Hash,Picture,Capture Date
Street Vendors [PORNO][Hardcore],501,3,2.05 GiB (2201481216 Bytes),,,,,0,0,2010-05-28T21:04:30Z,ubdpxxx,,1,3,F001B2F97FE671FA133B9F11D172A1203B423CCB,,2012-07-15T13:04:05Z
