Filename,Size,Unit
face2face.nrg,767.28,M
