Filename,Size,Unit
/Brands/Pc (15).png,3.06,M
/Brands/Pc (14).png,2.14,M
/Brands/Pc (16).png,1.96,M
/Brands/Apple (14).jpg,1.74,M
/Brands/Apple (16).jpg,904.11,K
/Brands/Linux (21).jpg,856.03,K
/Brands/Apple (24).jpg,787.81,K
/Brands/Apple (25).jpg,764.96,K
/Brands/Apple (3).jpg,736.69,K
/Brands/Intel (2).jpg,704.77,K
/Brands/Apple (21).jpg,693.35,K
/Brands/Firefox (1).jpg,684.49,K
/Brands/Apple (15).jpg,621.83,K
/Brands/Firefox (7).png,598.34,K
/Brands/Dell.jpg,577.84,K
/Brands/Apple (22).jpg,562.65,K
/Brands/Nvidia 3.jpg,525.02,K
/Brands/Apple (18).jpg,497.95,K
/Brands/Apple (10).jpg,488.5,K
/Brands/Apple (23).jpg,466.37,K
/Brands/Pc (4).jpg,464.92,K
/Brands/Intel (3).jpg,464.13,K
/Brands/Linux (17).jpg,463.14,K
/Brands/Linux (12).jpg,436.63,K
/Brands/Linux (10).jpg,436.43,K
/Brands/Linux (8).jpg,414.13,K
/Brands/Xbox.jpg,393.86,K
/Brands/Linux (3).jpg,375.19,K
/Brands/Apple (4).jpg,371.96,K
/Brands/Firefox (7).jpg,353.52,K
/Brands/Linux (2).jpg,339.69,K
/Brands/Iphone (1).jpg,325.88,K
/Brands/Wm.png,318.6,K
/Brands/Linux (7).jpg,309.75,K
/Brands/Linux (16).jpg,295.35,K
/Brands/Firefox (6).jpg,279.83,K
/Brands/Dell (1).jpg,266.01,K
/Brands/Apple (17).jpg,264.59,K
/Brands/Msn.jpg,254.17,K
/Brands/Iphone.jpg,246.25,K
/Brands/Apple (6).jpg,244.19,K
/Brands/Apple (9).jpg,229.5,K
/Brands/Linux (13).jpg,201.3,K
/Brands/Iphone (2).jpg,196.47,K
/Brands/Linux (11).jpg,193.75,K
/Brands/Pc (9).jpg,193.43,K
/Brands/Linux (20).jpg,186.91,K
/Brands/Xbox (1).jpg,186.47,K
/Brands/Nvidia 1.jpg,176.94,K
/Brands/Linux (6).jpg,171.37,K
/Brands/Pc (6).jpg,159.38,K
/Brands/Firefox (3).jpg,155.81,K
/Brands/Pc (20).jpg,151.93,K
/Brands/Pc (2).jpg,148.19,K
/Brands/Iphone (3).jpg,143.32,K
/Brands/Msn (6).jpg,142.69,K
/Brands/Apple (13).jpg,138.45,K
/Brands/Nvidia 2.jpg,136.99,K
/Brands/Pc (5).jpg,132.67,K
/Brands/Pc (18).jpg,130.59,K
/Brands/Firefox (5).jpg,130.33,K
/Brands/Apple (11).jpg,129.46,K
/Brands/Nvidia.jpg,128.33,K
/Brands/Firefox (2).jpg,122.14,K
/Brands/Intel.jpg,119.52,K
/Brands/Apple (2).jpg,115.55,K
/Brands/Apple (20).jpg,109.94,K
/Brands/Canon.jpg,108.36,K
/Brands/Apple (1).jpg,107.59,K
/Brands/Pc (3).jpg,107.2,K
/Brands/Firefox (4).jpg,104.41,K
/Brands/Apple (7).jpg,101.03,K
/Brands/Pc.jpg,96.92,K
/Brands/Pc (19).jpg,93.61,K
/Brands/Linux (14).jpg,93.22,K
/Brands/Msn (4).jpg,88.57,K
/Brands/Apple (19).jpg,87.27,K
/Brands/Linux (15).jpg,86.92,K
/Brands/Msn (5).jpg,86.43,K
/Brands/Msn (3).jpg,86.28,K
/Brands/Msn (2).jpg,84.33,K
/Brands/Apple.jpg,84.01,K
/Brands/Apple (12).JPG,80.13,K
/Brands/Apple (5).jpg,76.36,K
/Brands/Linux (19).jpg,75.94,K
/Brands/Pc (10).jpg,73.46,K
/Brands/HP.jpg,72.21,K
/Brands/Msn (1).jpg,69.99,K
/Brands/Pc (17).jpg,69.66,K
/Brands/Opera.jpg,66.08,K
/Brands/Pc (7).jpg,66.03,K
/Brands/Pc (11).jpg,65.48,K
/Brands/Pc (1).jpg,63.27,K
/Brands/Apple (8).jpg,62.3,K
/Brands/Linux (5).jpg,59.37,K
/Brands/Pc (8).jpg,49.7,K
/Brands/Linux (18).jpg,49.2,K
/Brands/Pc (12).jpg,48.67,K
/Brands/Intel (1).jpg,44.78,K
/Brands/Linux.jpg,44.51,K
/Brands/Pc (22).jpg,35.96,K
/Brands/Linux (1).jpg,33.97,K
/Brands/Pc (21).jpg,32.55,K
/Win 7/Windows 7 (85).jpg,1.36,M
/Win 7/Windows 7 (43).jpg,1.29,M
/Win 7/Windows 7 (54).jpg,1.2,M
/Win 7/Windows 7 (71).jpg,1.13,M
/Win 7/Windows 7 (72).png,1.08,M
/Win 7/Windows 7 (57).png,829.7,K
/Win 7/Windows 7 (80).jpg,722.88,K
/Win 7/Windows 7 (78).jpg,640.67,K
/Win 7/Windows 7 (88).jpg,600.07,K
/Win 7/Windows 7 (10).jpg,588.55,K
/Win 7/Windows 7 (42).jpg,542.96,K
/Win 7/Windows 7 (81).jpg,475.16,K
/Win 7/Windows 7 (39).jpg,461.45,K
/Win 7/Windows 7 (87).jpg,438.92,K
/Win 7/Windows 7 (84).jpg,438.04,K
/Win 7/LongHorn (10).jpg,421.69,K
/Win 7/Windows 7 (66).jpg,411.78,K
/Win 7/Windows 7 (58).jpg,407.49,K
/Win 7/Windows 7 (63).jpg,395.4,K
/Win 7/Windows 7 (79).jpg,380.13,K
/Win 7/Windows 7 (11).jpg,370.16,K
/Win 7/Windows 7 (83).jpg,351.85,K
/Win 7/Windows 7 (89).jpg,337.56,K
/Win 7/Windows 7 (61).jpg,311.69,K
/Win 7/LongHorn (11).jpg,310.56,K
/Win 7/Windows 7 (82).jpg,296.29,K
/Win 7/Windows 7 (3).jpg,283.65,K
/Win 7/Windows 7 (45).jpg,271.12,K
/Win 7/Windows 7 (64).jpg,268.68,K
/Win 7/Windows 7 (47).jpg,248.04,K
/Win 7/Windows 7 (67).jpg,242.54,K
/Win 7/Windows 7 (41).jpg,223.89,K
/Win 7/Windows 7 (91).jpg,221.19,K
/Win 7/Windows 7 (86).jpg,216.34,K
/Win 7/Windows 7 (24).jpg,208.05,K
/Win 7/Windows 7 (18).jpg,207.06,K
/Win 7/Windows 7 (90).jpg,200.94,K
/Win 7/Windows 7 (65).jpg,200.12,K
/Win 7/Windows 7 (9).jpg,195.79,K
/Win 7/Windows 7 (60).jpg,194.85,K
/Win 7/Windows 7 (56).jpg,188.98,K
/Win 7/Windows 7 (62).jpg,187.81,K
/Win 7/Windows 7 (44).jpg,187.46,K
/Win 7/Windows 7 (12).jpg,184.96,K
/Win 7/Windows 7 (76).jpg,177.35,K
/Win 7/Windows 7 (34).jpg,174.54,K
/Win 7/Windows 7 (7).jpg,174.18,K
/Win 7/Windows 7 (74).jpg,173.53,K
/Win 7/Windows 7 (59).jpg,172.44,K
/Win 7/Windows 7 (32).jpeg,170.89,K
/Win 7/Windows 7 (2).jpg,166.51,K
/Win 7/Windows 7 (48).jpg,164.37,K
/Win 7/Windows 7 (68).jpg,164,K
/Win 7/Windows 7.jpg,161.81,K
/Win 7/LongHorn (6).JPG,161.38,K
/Win 7/Windows 7 (16).jpg,160.59,K
/Win 7/Windows 7 (49).jpg,159.54,K
/Win 7/Windows 7 (22).jpg,158.16,K
/Win 7/Windows 7 (46).jpg,156.38,K
/Win 7/Windows 7 (53).jpg,154.54,K
/Win 7/Windows 7 (50).jpg,153.51,K
/Win 7/Windows 7 (1).jpg,152.74,K
/Win 7/Windows 7 (13).jpg,150.91,K
/Win 7/Windows 7 (4).jpg,150.88,K
/Win 7/Windows 7 (23).jpg,149.74,K
/Win 7/Windows 7 (38).jpg,145.83,K
/Win 7/Windows 7 (37).jpg,144.75,K
/Win 7/Windows 7 (70).jpg,144.52,K
/Win 7/Windows 7 (8).jpg,142.25,K
/Win 7/Windows 7 (31).jpg,140.74,K
/Win 7/Windows 7 (17).jpg,139.64,K
/Win 7/Windows 7 (73).jpg,139.01,K
/Win 7/Windows 7 (75).jpg,133.42,K
/Win 7/Windows 7 (51).jpg,131.83,K
/Win 7/Windows 7 (69).jpg,128.83,K
/Win 7/Windows 7 (25).jpg,128.65,K
/Win 7/Windows 7 (14).JPG,128.06,K
/Win 7/Windows 7 (28).jpg,126.32,K
/Win 7/Windows 7 (40).jpg,124.55,K
/Win 7/Windows 7 (33).jpg,121.69,K
/Win 7/Windows 7 (15).JPG,119.37,K
/Win 7/Windows 7 (26).jpg,117.39,K
/Win 7/Windows 7 (55).JPG,113.19,K
/Win 7/Windows 7 (5).jpg,112.12,K
/Win 7/LongHorn (2).jpg,111.08,K
/Win 7/Windows 7 (6).jpg,109.42,K
/Win 7/Windows 7 (30).jpg,108.98,K
/Win 7/Windows 7 (35).jpg,108.39,K
/Win 7/Windows 7 (19).jpg,104.79,K
/Win 7/Windows 7 (36).jpg,102.41,K
/Win 7/Windows 7 (21).jpg,93.91,K
/Win 7/Windows 7 (20).jpg,89.79,K
/Win 7/Windows 7 (29).jpg,89.61,K
/Win 7/Windows 7 (27).jpg,89.09,K
/Win 7/LongHorn (5).jpg,72.12,K
/Win 7/LongHorn.jpg,70.93,K
/Win 7/LongHorn (4).jpg,50.18,K
/Win 7/LongHorn (1).jpg,42.28,K
/Win 7/Windows 7 (52).jpg,23.66,K
/win Vista/Vista wallpaper (64).bmp,2.25,M
/win Vista/Vista wallpaper (71).jpg,1.29,M
/win Vista/Vista wallpaper (56).jpg,1.03,M
/win Vista/Vista wallpaper (65).jpg,1.01,M
/win Vista/Vista wallpaper (50).jpg,652.19,K
/win Vista/Vista wallpaper (35).jpg,553.25,K
/win Vista/Vista wallpaper (60).jpg,536.47,K
/win Vista/Vista wallpaper (59).jpg,504.51,K
/win Vista/Vista wallpaper (118).jpg,401.28,K
/win Vista/Vista wallpaper (24).jpg,371.52,K
/win Vista/Vista wallpaper (112).jpg,362.23,K
/win Vista/Vista wallpaper (31).jpg,341.22,K
/win Vista/Vista wallpaper (48).jpg,321.08,K
/win Vista/Vista wallpaper (82).jpg,319,K
/win Vista/Vista wallpaper (80).jpg,318.86,K
/win Vista/Vista wallpaper (81).jpg,313.75,K
/win Vista/Vista wallpaper (57).jpg,306.35,K
/win Vista/Vista wallpaper (23).jpg,305.3,K
/win Vista/Vista wallpaper (99).jpg,300.76,K
/win Vista/Vista wallpaper.jpg,299.9,K
/win Vista/Vista wallpaper (20).jpg,298.2,K
/win Vista/Vista wallpaper (79).jpg,297.93,K
/win Vista/Vista wallpaper (54).jpg,297.52,K
/win Vista/Vista wallpaper (53).jpg,286.32,K
/win Vista/Vista wallpaper (28).jpg,284.04,K
/win Vista/Vista wallpaper (67).jpg,273.22,K
/win Vista/Vista wallpaper (51).jpg,269.95,K
/win Vista/Vista wallpaper (68).jpg,266.1,K
/win Vista/Vista wallpaper (7).jpg,252.51,K
/win Vista/Vista wallpaper (16).jpg,250.5,K
/win Vista/Vista wallpaper (107).jpg,248.13,K
/win Vista/Vista wallpaper (106).jpg,247.49,K
/win Vista/Vista wallpaper (17).jpg,246,K
/win Vista/Vista wallpaper (100).jpg,244.91,K
/win Vista/Vista wallpaper (3).jpg,242.77,K
/win Vista/Vista wallpaper (96).jpg,239.89,K
/win Vista/Vista wallpaper (102).jpg,239.1,K
/win Vista/Vista wallpaper (104).jpg,234.09,K
/win Vista/Vista wallpaper (70).jpg,232.63,K
/win Vista/Vista wallpaper (42).jpg,227.75,K
/win Vista/Vista wallpaper (8).jpg,227.6,K
/win Vista/Vista wallpaper (97).jpg,221.03,K
/win Vista/Vista wallpaper (46).jpg,220.16,K
/win Vista/Vista wallpaper (77).jpg,217.14,K
/win Vista/Vista wallpaper (103).jpg,214.01,K
/win Vista/Vista wallpaper (74).jpg,210.42,K
/win Vista/Vista wallpaper (6).jpg,201.76,K
/win Vista/Vista wallpaper (22).jpg,201.4,K
/win Vista/Vista wallpaper (98).jpg,199.07,K
/win Vista/Vista wallpaper (61).jpg,199.06,K
/win Vista/Vista wallpaper (78).jpg,198.87,K
/win Vista/Vista wallpaper (63).jpg,198.86,K
/win Vista/Vista wallpaper (105).jpg,198.13,K
/win Vista/Vista wallpaper (66).jpg,197.28,K
/win Vista/Vista wallpaper (47).jpg,193.47,K
/win Vista/Vista wallpaper (55).jpg,193.17,K
/win Vista/Vista wallpaper (75).jpg,192.63,K
/win Vista/Vista wallpaper (95).jpg,190.52,K
/win Vista/Vista wallpaper (69).jpg,187.49,K
/win Vista/Vista wallpaper (30).jpg,185.68,K
/win Vista/Vista wallpaper (1).jpg,185.14,K
/win Vista/Vista wallpaper (76).jpg,183.39,K
/win Vista/Vista wallpaper (72).jpg,178.45,K
/win Vista/Vista wallpaper (73).jpg,175.82,K
/win Vista/Vista wallpaper (34).jpg,167.97,K
/win Vista/Vista wallpaper (18).jpg,166.39,K
/win Vista/Vista wallpaper (37).jpg,151.58,K
/win Vista/Vista wallpaper (52).jpg,149.73,K
/win Vista/Vista wallpaper (38).jpg,147.23,K
/win Vista/Vista wallpaper (108).jpg,144.78,K
/win Vista/Vista wallpaper (10).jpg,141.69,K
/win Vista/Vista wallpaper (49).jpg,139.85,K
/win Vista/Vista wallpaper (44).jpg,139.49,K
/win Vista/Vista wallpaper (39).jpg,138.58,K
/win Vista/Vista wallpaper (58).jpg,138.18,K
/win Vista/Vista wallpaper (40).jpg,136.96,K
/win Vista/Vista wallpaper (25).jpg,136.63,K
/win Vista/Vista wallpaper (15).jpg,135.83,K
/win Vista/Vista wallpaper (101).jpg,126.36,K
/win Vista/Vista wallpaper (14).jpg,126.14,K
/win Vista/Vista wallpaper (12).jpg,120.69,K
/win Vista/Vista wallpaper (115).jpg,118.63,K
/win Vista/Vista wallpaper (26).jpg,118.1,K
/win Vista/Vista wallpaper (45).jpg,117.5,K
/win Vista/Vista wallpaper (114).jpg,116.44,K
/win Vista/Vista wallpaper (13).jpg,115.72,K
/win Vista/Vista wallpaper (117).jpg,114.45,K
/win Vista/Vista wallpaper (113).jpg,113.2,K
/win Vista/Vista wallpaper (116).jpg,112.98,K
/win Vista/Vista wallpaper (11).jpg,112.74,K
/win Vista/Vista wallpaper (4).jpg,103.47,K
/win Vista/Vista wallpaper (5).jpg,101.29,K
/win Vista/Vista wallpaper (32).jpg,99.62,K
/win Vista/Vista wallpaper (9).jpg,98.36,K
/win Vista/Vista wallpaper (62).jpg,92.8,K
/win Vista/Vista wallpaper (88).jpg,90.76,K
/win Vista/Vista wallpaper (36).jpg,89.71,K
/win Vista/Vista wallpaper (27).jpg,84.04,K
/win Vista/Vista wallpaper (33).jpg,83.03,K
/win Vista/Vista wallpaper (2).jpg,81.95,K
/win Vista/Vista wallpaper (109).jpg,81.25,K
/win Vista/Vista wallpaper (92).jpg,79.52,K
/win Vista/Vista wallpaper (29).jpg,79.35,K
/win Vista/Vista wallpaper (94).jpg,74.87,K
/win Vista/Vista wallpaper (111).jpg,72.5,K
/win Vista/Vista wallpaper (91).jpg,70.22,K
/win Vista/Vista wallpaper (21).jpg,60.36,K
/win Vista/Vista wallpaper (85).jpg,59.88,K
/win Vista/Vista wallpaper (87).jpg,58.07,K
/win Vista/Vista wallpaper (93).jpg,53.65,K
/win Vista/Vista wallpaper (86).jpg,52.72,K
/win Vista/Vista wallpaper (110).jpg,51.49,K
/win Vista/Vista wallpaper (19).jpg,50.79,K
/win Vista/Vista wallpaper (83).jpg,46.31,K
/win Vista/Vista wallpaper (84).jpg,38.04,K
/Win Xp/Xp (54).BMP,2.25,M
/Win Xp/Xp (25).bmp,2.25,M
/Win Xp/Xp (55).bmp,2.25,M
/Win Xp/Xp (1).jpg,676.88,K
/Win Xp/Xp (56).jpg,597.14,K
/Win Xp/Xp (6).jpg,371.62,K
/Win Xp/Xp (12).jpg,351.48,K
/Win Xp/Xp (64).jpg,303.35,K
/Win Xp/Xp (62).jpg,263.33,K
/Win Xp/Xp (57).jpg,254.99,K
/Win Xp/Xp (7).jpg,254.93,K
/Win Xp/Xp (53).JPG,252.82,K
/Win Xp/Xp (27).jpg,252.74,K
/Win Xp/Xp (22).jpg,230.37,K
/Win Xp/Xp (47).jpg,229.67,K
/Win Xp/Xp (63).jpg,209.71,K
/Win Xp/Xp (32).jpg,188,K
/Win Xp/Xp (14).jpg,187.8,K
/Win Xp/Xp (13).jpg,186.69,K
/Win Xp/Xp (67).jpg,183.97,K
/Win Xp/Xp (60).jpg,170.08,K
/Win Xp/Xp (59).JPG,134.12,K
/Win Xp/Xp (50).jpg,126.59,K
/Win Xp/Xp (46).JPG,121.53,K
/Win Xp/Xp (5).jpg,117.57,K
/Win Xp/Xp (11).jpg,115.56,K
/Win Xp/Xp (44).jpg,113.19,K
/Win Xp/Xp (68).jpg,110.73,K
/Win Xp/Xp (40).JPG,100.05,K
/Win Xp/Xp (42).JPG,90.82,K
/Win Xp/Xp (51).jpg,87.59,K
/Win Xp/Xp (10).jpg,84.58,K
/Win Xp/Xp (48).JPG,81.85,K
/Win Xp/Xp (23).jpg,80.04,K
/Win Xp/Xp (2).jpg,72.92,K
/Win Xp/Xp (20).JPG,65.21,K
/Win Xp/Xp (29).JPG,63.89,K
/Win Xp/Xp (66).jpg,62.67,K
/Win Xp/Xp (58).JPG,57.95,K
/Win Xp/Xp.jpg,51.37,K
/Win Xp/Xp (38).jpg,51.22,K
/Win Xp/Xp (45).jpg,42.78,K
/Win Xp/Xp (3).JPG,40.92,K
/Win Xp/Xp (28).jpg,31.77,K
/Win Xp/Xp (39).jpg,21.21,K
/Win Xp/Xp (4).jpg,16.87,K
/Scorpion KinG Complete Collection.txt,501,B
/Torrent downloaded from Demonoid.com.txt,47,B
/tracked_by_h33t_com.txt,23,B
