Title,Type,Files,Size,IMDB,Spoken Languages,Texted Languages,Tags,Quality (+),Quality (-),Uploaded,By,User Type,Seeders,Leechers,Info Hash,Picture,Capture Date
Kevin Rudolf - Wel. the World,101,1,2.8 MiB (2934940 Bytes),,,,"""Kevin Rudolf"",""Welcome to the World""",0,0,2010-06-09T13:03:24Z,MaRkNl,,0,2,61F9657D34B3901F5D93AD7E148C19DD140789B8,,2012-07-15T00:20:08Z
