User Type,Username,Date,Text
,jimmynee,2011-06-28T14:42Z,"I know there is probably no hope, but if anyway has the whole download please seed..."
