Title,Type,Files,Size,IMDB,Spoken Languages,Texted Languages,Tags,Quality (+),Quality (-),Uploaded,By,User Type,Seeders,Leechers,Info Hash,Picture,Capture Date
Lui Fong Concert 2007 BRRip DVDr-sailo1,699,10,4.37 GiB (4687613952 Bytes),,,,,0,0,2010-07-10T08:16:47Z,Anonymous,,0,0,D4B9E04C62D65FD03559A28AF1CB5ECC385D6B14,,2012-07-13T04:46:57Z
