Filename,Size,Unit
/Covers/Brooklyns Finest-AC3-XviD-DVDRip[Eng]2009 Cover.jpg,330.6,K
/Covers/Brooklyns Finest-AC3-XviD-DVDRip[Eng]2009 DVD.jpg,81.02,K
/INFO 2Lions-Team/2Lionssss.jpg,184.6,K
/INFO 2Lions-Team/2lions-Flyer.jpg,142.63,K
/INFO 2Lions-Team/Brooklyns Finest-AC3-XviD-DVDRip[Eng]2009.txt,3.48,K
/INFO 2Lions-Team/Torrent_aangeboden door 2lions.ons-forum.nl.txt,837,B
/INFO 2Lions-Team/Torrent_downloaded_from_AhaShare.com.txt,611,B
/INFO 2Lions-Team/Torrent downloaded from Demonoid.com.txt,47,B
/INFO 2Lions-Team/tracked By movie-torrentz.txt,36,B
/Subtitles/Brooklyns Finest-AC3-XviD-DVDRip[Eng]2009 English.srt,141.33,K
/Subtitles/Brooklyns Finest-AC3-XviD-DVDRip[Eng]2009 Dutch.srt,82.41,K
/Brooklyns Finest-AC3-XviD-DVDRip[Eng]2009.avi,1.37,G
