Title,Type,Files,Size,IMDB,Spoken Languages,Texted Languages,Tags,Quality (+),Quality (-),Uploaded,By,User Type,Seeders,Leechers,Info Hash,Picture,Capture Date
The.7pm.Project.2010.03.05.WS.PDTV.XviD-RTA,205,17,174.29 MiB (182752301 Bytes),,,,,0,0,2010-03-05T11:20:08Z,TvTeam,[V],0,0,CA9D71E3B1AC22BA09F5113F0AE07E44DB0ADB4F,,2012-07-19T14:46:42Z
