Title,Type,Files,Size,IMDB,Spoken Languages,Texted Languages,Tags,Quality (+),Quality (-),Uploaded,By,User Type,Seeders,Leechers,Info Hash,Picture,Capture Date
Teagan - Blowjob (Perverted POV 7).avi,506,1,52.17 MiB (54702080 Bytes),,,,"""Teagan  swallow""",0,1,2010-03-22T18:03:23Z,canyon.41,,0,0,0FCFF5184E96DE508A9DCBAF166937C593536B42,,2012-07-18T21:00:49Z
