Title,Type,Files,Size,IMDB,Spoken Languages,Texted Languages,Tags,Quality (+),Quality (-),Uploaded,By,User Type,Seeders,Leechers,Info Hash,Picture,Capture Date
Dr.House.6x04.Il.Tiranno.XviD-SiD.avi,205,1,349.94 MiB (366936064 Bytes),,Italian,,,0,0,2010-02-02T16:18:18Z,Anonymous,,0,0,58BD667D9E3C1F17D5E80B03F7F50B0E08FC8C64,,2012-07-21T03:06:32Z
