Filename,Size,Unit
shaun.the.sheep.s03e19.720p.hdtv.x264-sfm.mkv,186.32,M
