Filename,Size,Unit
433-ll101030barvsev.hdtv.xvid.avi,1.09,G
433-ll101030barvsev.hdtv.xvid.nfo,18.07,K
Please Read This Guide Now.txt,493,B
www.Torrentday.com.txt,493,B
