Title,Type,Files,Size,IMDB,Spoken Languages,Texted Languages,Tags,Quality (+),Quality (-),Uploaded,By,User Type,Seeders,Leechers,Info Hash,Picture,Capture Date
"Rock Band + DLC [v. 1.2.19] CRACKED FOR IPHONE, IPOD TOUCH",499,1,248 MiB (260046548 Bytes),,,,"""applications iPhone iPod Touch""",0,0,2010-06-13T19:38:06Z,Elektrichka,,4,1,9E8EC3067FA36DC38D7B778F3F9DBC7BF0139F2B,,2012-07-14T19:32:41Z
