Title,Type,Files,Size,IMDB,Spoken Languages,Texted Languages,Tags,Quality (+),Quality (-),Uploaded,By,User Type,Seeders,Leechers,Info Hash,Picture,Capture Date
Toddlers.and.Tiaras.S03E05.HDTV.XviD-MOMENTUM,205,29,348.75 MiB (365692546 Bytes),,,,,0,0,2010-02-22T04:10:25Z,TvTeam,[V],2,0,7D362E9DF93B7DE39449701551CD8F39EF2A8AE5,,2012-07-20T06:15:44Z
