Title,Type,Files,Size,IMDB,Spoken Languages,Texted Languages,Tags,Quality (+),Quality (-),Uploaded,By,User Type,Seeders,Leechers,Info Hash,Picture,Capture Date
DECAF v2,301,1,2.68 MiB (2805479 Bytes),,,,"""decaf"",""cofee"",""decafme"",""microsoft"",""forensic"",""tool""",1,0,2009-12-31T16:01:53Z,112NL,,0,0,230A0C61396A997B2CC58AB6EC6E1AFF8691A706,,2012-07-22T20:03:18Z
