Filename,Size,Unit
/Soundtrack - If Love Is A Red Dress (Hang Me In Rags) [Maria McKee].mp3,7.93,M
/Soundtrack - Surf Rider [The Lively Ones].mp3,5.34,M
/Soundtrack - Let's Stay Together [Al Green].mp3,5.27,M
/Soundtrack - Jack Rabbit Slims Twist Contest (Dialogue) - You Never Can Tell [Chuck Berry].mp3,5.18,M
"/Soundtrack - Girl, You'll Be A Woman Soon [Urge Overkill].mp3",5.09,M
/Soundtrack - Jungle Boogie [Kool & The Gang].mp3,4.99,M
"/Soundtrack - Zed's Dead, Baby (Dialogue) - Bullwinkle Part II [The Centurions].mp3",4.04,M
/Soundtrack - Pumpkin And Honey Bunny (Dialogue) - Misirlou [Dick Dale & His Del-Tones].mp3,4,M
/Soundtrack - Bustin' Surfboards [The Tornadoes].mp3,3.98,M
/Soundtrack - Son Of A Preacher Man [Dusty Springfield].mp3,3.96,M
/Soundtrack - Flowers On The Wall [The Statler Brothers].mp3,3.89,M
/Soundtrack - Lonesome Town [Ricky Nelson].mp3,3.61,M
/Soundtrack - Bring Out The Gimp (Dialogue) - Comanche [The Revels].mp3,3.53,M
/Soundtrack - Royale With Cheese (Dialogue).mp3,2.82,M
/Soundtrack - Personality Goes A Long Way (Dialogue).mp3,1.67,M
/Soundtrack - Ezekiel 2517 (Dialogue).mp3,1.39,M
/Folder-Front.jpg,121.28,K
/Folder-CD.jpg,52.82,K
/Soundtrack - Pulp Fiction.cue,3.17,K
/X0.Soundtrack - Pulp Fiction.nfo,2.42,K
/X0.Soundtrack - Pulp Fiction.pls,2.35,K
/X0.Soundtrack - Pulp Fiction.m3u,2.07,K
/Soundtrack - Pulp Fiction.m3u,2.07,K
/X0.Soundtrack - Pulp Fiction.sfv,1.19,K
/Torrent downloaded from Demonoid.com.txt,47,B
