Title,Type,Files,Size,IMDB,Spoken Languages,Texted Languages,Tags,Quality (+),Quality (-),Uploaded,By,User Type,Seeders,Leechers,Info Hash,Picture,Capture Date
Balmorhea River Arms,104,18,285.37 MiB (299237357 Bytes),,,,"""Balmorhea River Arms""",0,0,2009-12-13T22:29:19Z,LosslessDude,[V],7,0,32929A8232D1710FF61ED2AA1BEC7C4E36ADCCC6,http://image.bayimg.com/kakokaaca.jpg,2012-07-23T13:24:55Z
