Title,Type,Files,Size,IMDB,Spoken Languages,Texted Languages,Tags,Quality (+),Quality (-),Uploaded,By,User Type,Seeders,Leechers,Info Hash,Picture,Capture Date
Insectia DVDR NTSC,205,1,4.35 GiB (4671723520 Bytes),,English,,"""insectia""",0,0,2010-01-17T21:11:14Z,simps_br,,0,0,431D6D2E3B6A55EB70B6AF4F29469587C76F8D1E,,2012-07-22T01:12:17Z
