Filename,Size,Unit
Bareback Lady Boys of Manila #2.wmv,591.57,M
