Filename,Size,Unit
The.Wizard.of.Gore.2007.DVDRip.x264-SHiTTy.mkv,706.1,M
The.Wizard.of.Gore.2007.DVDRip.x264-SHiTTy.nfo,1.17,K
www.SceneTime.com.jpg,134,B
