Filename,Size,Unit
Info 2Lions-Team/logo 2Lions.jpg,80.7,K
Info 2Lions-Team/Sanctuary information.txt,4.16,K
Info 2Lions-Team/Belangrijk! - Important!.txt,2.63,K
Sanctuary S03E04 Trail of Blood/Sanctuary S03E04 Trail of Blood.mkv,1.09,G
Sanctuary S03E04 Trail of Blood/Sanctuary S03E04 Trail of Blood (ENG).srt,59.62,K
Sanctuary S03E04 Trail of Blood/Sanctuary S03E04 Trail of Blood.srt,47.35,K
