Filename,Size,Unit
/Demonoid.com.txt,42,B
/DivXNL-Team NFO Read Before Playing!.txt,882,B
/Tenderness (2008) DVDR DivXNL-Team.avi,698.31,M
