Title,Type,Files,Size,IMDB,Spoken Languages,Texted Languages,Tags,Quality (+),Quality (-),Uploaded,By,User Type,Seeders,Leechers,Info Hash,Picture,Capture Date
Twistys.-.Diamond.Foxxx,506,4,705.42 MiB (739689669 Bytes),,,,,0,0,2010-06-28T11:18:15Z,Rabiner,,0,0,8184AAE781486431EF287B08BB46069FDF227ADE,,2012-07-13T16:43:13Z
