Title,Type,Files,Size,IMDB,Spoken Languages,Texted Languages,Tags,Quality (+),Quality (-),Uploaded,By,User Type,Seeders,Leechers,Info Hash,Picture,Capture Date
va - Pure Moods - to soothe you down - 320kbps [karl2802],101,37,176.5 MiB (185073984 Bytes),,,,,1,0,2009-10-03T16:35:57Z,karl2802,[T],2,0,B8632090121A2405671986F8B9BA7177F4F4BDD9,,2012-07-26T16:49:40Z
