Filename,Size,Unit
02-Dido_-_Everything_To_Lose_(ATFC_Remix).mp3,19.49,M
03-Dmitry_Ko_feat._Nathan_Bills_-_I_Want_You_Back_(Starkillers_Remix).mp3,18.33,M
08-Lady_Gaga_-_Monster_(Double_In_Face_Brazil_Club_Mix).mp3,17.9,M
05-John_Dahlback_-_Kaiki_(Original_Mix).mp3,16.41,M
"10-Yves_Larock,_Tara_McDonald,_Tony_Sylla_-_Girl_(Club_Mix).mp3",16.4,M
01-Danny_Freakx_and_Strobe_-_How_Long_Can_I_Wait_For_You_(Original_Mix).mp3,15.48,M
04-Fierce_Ruling_Diva_-_Rubb_It_In_(Chocolate_Puma_Remix).mp3,14.7,M
06-Joonas_Hahmo_-_Mojito_(More_Sugar_Remix).mp3,14.59,M
07-La_Roux_-_Bulletproof_(Ranny's_Club_Mix).mp3,14.43,M
09-Sunloverz_vs._Edward_Maya_-_I_Wanna_Stereo_Love_(Tim_Morgan_Mashup).mp3,14.43,M
"10-Yves_Larock,_Tara_McDonald,_Tony_Sylla_-_Girl_(Club_Mix).mxm",89.35,K
00-New_House_Music_Sets_Vol.116-WEB-2010-BD.jpg,45.02,K
00-New_House_Music_Sets_Vol.116-WEB-2010-BD.nfo,6.65,K
00-New_House_Music_Sets_Vol.116-WEB-2010-BD.m3u,1.24,K
00-New_House_Music_Sets_Vol.116-WEB-2010-BD.sfv,941,B
