Filename,Size,Unit
/01.jpg,235.14,K
/11.jpg,21.62,K
/22.jpg,27.18,K
/BTÁú¼Ò×åÓëÄú¹²ÇìÉ«ÖÐÉ«ÎåÖÜÄêÇì.jpg,260.7,K
/SISÐÂÆ¬Ñ¹Æ¬Ð¡×é³ÏÑûÑ¹Æ¬ÈËÔ±£¬¹²Í¬´òÔìÐ¡Ó²ÅÌÐÂÆ¬Æ·ÅÆ.txt,237,B
/[VIVID]Twins.Do.Science Òùµ´µÄË«°ûÌ¥½ãÃÃ±»¸É.rmvb,251.37,M
/cover.jpg,54.82,K
/lstxwh@22P2P.url,237,B
/lstxwh@SexInSex ·ÀÆÁ±Î³ÌÐò.txt,89,B
/lstxwh@SexInSex! Board.url,231,B
/lstxwh@É«ÖÐÉ«Ðû´«.txt,418,B
