Title,Type,Files,Size,IMDB,Spoken Languages,Texted Languages,Tags,Quality (+),Quality (-),Uploaded,By,User Type,Seeders,Leechers,Info Hash,Picture,Capture Date
Can You Feel It(Michael Jackson)-mp3,199,1,5.01 MiB (5248181 Bytes),,,,,0,0,2009-09-15T04:06:55Z,pawprts,,5,1,BAY.SE/5089223/CAN_YOU_FEEL_IT(MICHAEL_J,,2012-07-27T05:19:47Z
