Title,Type,Files,Size,IMDB,Spoken Languages,Texted Languages,Tags,Quality (+),Quality (-),Uploaded,By,User Type,Seeders,Leechers,Info Hash,Picture,Capture Date
Distrib-7232,699,1,559.1 MiB (586264047 Bytes),,,,,0,0,2009-10-13T18:48:18Z,remboo,,0,0,CA102E5BA33C33AD171D02A9D7C20512D7F7BB0D,,2012-07-26T10:15:06Z
