Filename,Size,Unit
The Killers (1946)[DVDRip][big_dad_e].avi,984.74,M
filesharing_not_illegal_yet.jpg,258.86,K
The Killers (1946)[DVDRip][big_dad_e].jpg,71.05,K
big_dad_e.jpg,17.05,K
The Killers (1946)[DVDRip][big_dad_e].txt,4.48,K
Torrent downloaded from Demonoid.com.txt,47,B
tracked_by_h33t_com.txt,23,B
