Title,Type,Files,Size,IMDB,Spoken Languages,Texted Languages,Tags,Quality (+),Quality (-),Uploaded,By,User Type,Seeders,Leechers,Info Hash,Picture,Capture Date
Dj RybbeN - Funky Time.wav,101,1,289.28 MiB (303335468 Bytes),,,,"""House"",""mixtape"",""rybben""",6,0,2010-09-20T15:17:09Z,DjRybben,,0,0,790A5F4FCFF664C2E5E16825B8725E68808C180C,,2012-07-06T09:24:30Z
