Title,Type,Files,Size,IMDB,Spoken Languages,Texted Languages,Tags,Quality (+),Quality (-),Uploaded,By,User Type,Seeders,Leechers,Info Hash,Picture,Capture Date
John Mayer - Live in Den Haag,203,1,1.29 GiB (1380016517 Bytes),,,,"""John Mayer"",""Live"",""Den Haag"",""2008"",""Concert"",""Picnic in the Park""",0,0,2010-01-14T23:17:53Z,lobbert,,3,0,AD1B03B2E84350FE69AB19FCBFABD6E98FA2337E,,2012-07-22T05:17:16Z
