Filename,Size,Unit
Halo Legends.mp4,647.96,M
