Title,Type,Files,Size,IMDB,Spoken Languages,Texted Languages,Tags,Quality (+),Quality (-),Uploaded,By,User Type,Seeders,Leechers,Info Hash,Picture,Capture Date
Good.News.Week.S08E30.WS.PDTV.XviD-aAF,205,42,551.05 MiB (577818816 Bytes),,,,,0,0,2010-09-27T17:52:09Z,scenebalance,[V],0,0,9306D8FFA7F40F07D6271E51432DF943492709BB,,2012-07-06T02:35:23Z
