Filename,Size,Unit
/Leap Year TS XVID - IMAGiNE.avi,708.62,M
