Title,Type,Files,Size,IMDB,Spoken Languages,Texted Languages,Tags,Quality (+),Quality (-),Uploaded,By,User Type,Seeders,Leechers,Info Hash,Picture,Capture Date
RADIONLTV Oranje Top 30 Week 43 2009 [VBR],199,31,183.34 MiB (192249813 Bytes),,,,"""dutch"",""holland"",""nederlands"",""feest""",0,1,2009-11-15T01:07:30Z,markdankerss,[T],0,0,164589C0A99A2ECF8464C29EBB22A0026EDF5072,,2012-07-24T21:42:02Z
