User Type,Username,Date,Text
,rajbir782,2010-10-04T05:48Z,screen shots plz
,Veedhu,2011-06-03T18:09Z,a/v=?
,koldude007,2011-08-18T15:32Z,Superb print..... A-10 / V-10.... Thnxxxx a lot 4 up....
,rik9831,2011-10-18T19:39Z,"plz upload Twilight (I) (2008) in hindi
no hindi print available still now :("
[V],achaevil,2011-10-19T15:00Z,"screenshots
http://img534.imageshack.us/img534/701/snapshot20100919224006.jpg
http://img265.imageshack.us/img265/8744/snapshot20100919223911.jpg
http://img26.imageshack.us/img26/4712/snapshot20100919223928.jpg
http://img839.imageshack.us/img839/411/snapshot20100919223945.jpg"
