Title,Type,Files,Size,IMDB,Spoken Languages,Texted Languages,Tags,Quality (+),Quality (-),Uploaded,By,User Type,Seeders,Leechers,Info Hash,Picture,Capture Date
MIKE PETERS-ROAD TO RECOVERY THE DOCUMENTARY,202,33,4.35 GiB (4668780972 Bytes),,English,,,0,0,2009-09-02T14:32:47Z,haevan,[T],0,0,2DCDAD7603CC7F77FE2A9D0903413F69BBD6D998,,2012-07-27T11:17:25Z
