Title,Type,Files,Size,IMDB,Spoken Languages,Texted Languages,Tags,Quality (+),Quality (-),Uploaded,By,User Type,Seeders,Leechers,Info Hash,Picture,Capture Date
Natascha_Sohl-Dirty_Little_Word-2010-,101,15,78.05 MiB (81842787 Bytes),,,,,0,0,2010-06-14T07:12:28Z,zurera,[V],0,0,F43C26401A49A6B37705CBE8948D6B14814DB84C,http://image.bayimg.com/banagaacd.jpg,2012-07-14T18:58:26Z
