User Type,Username,Date,Text
,honeybunny28,2010-04-17T10:31Z,subs: http://www.addic7ed.com/serie/The_Ricky_Gervais_Show/1/8/Episode_#1.8
