Filename,Size,Unit
/Numb3rs.5x04.2008.SPANISH.HDTV.XVID [www.BajandoXvid.net].avi,343.94,M
