Filename,Size,Unit
/09-Abandon In Place.mp3,18.46,M
/02-Descent Of Man.mp3,16.77,M
/06-Beasts That Perish.mp3,16.19,M
/08-Gathering The Eagles.mp3,15.71,M
/05-Ashen Glory.mp3,13.89,M
/04-Silent Mortal Flesh (Convergence).mp3,11.54,M
/01-Incendiary.mp3,8.25,M
/07-Consigned To The Ages.mp3,6.23,M
/03-The Destruction Of Sennacherib.mp3,5.5,M
/cover.jpg,67.77,K
