Filename,Size,Unit
The.Art.Of.War.2;Betrayal.2008.NL-subs.xvid.(DutchReleaseTeam).avi,489.36,M
DutchReleaseTeam.png,105.06,K
Lees dit DutchReleaseTeam!.txt,541,B
Torrent downloaded from Demonoid.com.txt,47,B
Vertaald door.txt,25,B
