Filename,Size,Unit
Screenshots/2.jpg,55.47,K
Screenshots/4.jpg,42.85,K
Screenshots/1.jpg,41.22,K
Screenshots/5.jpg,39.89,K
Screenshots/3.jpg,31.88,K
Police Story 3 - Super Cop [1992] 720p.mkv,513.49,M
Torrent downloaded from AhaShare.com.txt,59,B
