Filename,Size,Unit
/The.Car.1977.DAN.DVDRip.x264-OP.srt,59.93,K
/The.Car.1977.DVDRip.x264(Multi Subs).r00,14.31,M
/The.Car.1977.DVDRip.x264(Multi Subs).r01,14.31,M
/The.Car.1977.DVDRip.x264(Multi Subs).r02,14.31,M
/The.Car.1977.DVDRip.x264(Multi Subs).r03,14.31,M
/The.Car.1977.DVDRip.x264(Multi Subs).r04,14.31,M
/The.Car.1977.DVDRip.x264(Multi Subs).r05,14.31,M
/The.Car.1977.DVDRip.x264(Multi Subs).r06,14.31,M
/The.Car.1977.DVDRip.x264(Multi Subs).r07,14.31,M
/The.Car.1977.DVDRip.x264(Multi Subs).r08,14.31,M
/The.Car.1977.DVDRip.x264(Multi Subs).r09,14.31,M
/The.Car.1977.DVDRip.x264(Multi Subs).r10,14.31,M
/The.Car.1977.DVDRip.x264(Multi Subs).r11,14.31,M
/The.Car.1977.DVDRip.x264(Multi Subs).r12,14.31,M
/The.Car.1977.DVDRip.x264(Multi Subs).r13,14.31,M
/The.Car.1977.DVDRip.x264(Multi Subs).r14,14.31,M
/The.Car.1977.DVDRip.x264(Multi Subs).r15,14.31,M
/The.Car.1977.DVDRip.x264(Multi Subs).r16,14.31,M
/The.Car.1977.DVDRip.x264(Multi Subs).r17,14.31,M
/The.Car.1977.DVDRip.x264(Multi Subs).r18,14.31,M
/The.Car.1977.DVDRip.x264(Multi Subs).r19,14.31,M
/The.Car.1977.DVDRip.x264(Multi Subs).r20,14.31,M
/The.Car.1977.DVDRip.x264(Multi Subs).r21,14.31,M
/The.Car.1977.DVDRip.x264(Multi Subs).r22,14.31,M
/The.Car.1977.DVDRip.x264(Multi Subs).r23,14.31,M
/The.Car.1977.DVDRip.x264(Multi Subs).r24,14.31,M
/The.Car.1977.DVDRip.x264(Multi Subs).r25,14.31,M
/The.Car.1977.DVDRip.x264(Multi Subs).r26,14.31,M
/The.Car.1977.DVDRip.x264(Multi Subs).r27,14.31,M
/The.Car.1977.DVDRip.x264(Multi Subs).r28,14.31,M
/The.Car.1977.DVDRip.x264(Multi Subs).r29,14.31,M
/The.Car.1977.DVDRip.x264(Multi Subs).r30,14.31,M
/The.Car.1977.DVDRip.x264(Multi Subs).r31,14.31,M
/The.Car.1977.DVDRip.x264(Multi Subs).r32,14.31,M
/The.Car.1977.DVDRip.x264(Multi Subs).r33,14.31,M
/The.Car.1977.DVDRip.x264(Multi Subs).r34,14.31,M
/The.Car.1977.DVDRip.x264(Multi Subs).r35,14.31,M
/The.Car.1977.DVDRip.x264(Multi Subs).r36,14.31,M
/The.Car.1977.DVDRip.x264(Multi Subs).r37,14.31,M
/The.Car.1977.DVDRip.x264(Multi Subs).r38,14.31,M
/The.Car.1977.DVDRip.x264(Multi Subs).r39,14.31,M
/The.Car.1977.DVDRip.x264(Multi Subs).r40,14.31,M
/The.Car.1977.DVDRip.x264(Multi Subs).r41,14.31,M
/The.Car.1977.DVDRip.x264(Multi Subs).r42,14.31,M
/The.Car.1977.DVDRip.x264(Multi Subs).r43,14.31,M
/The.Car.1977.DVDRip.x264(Multi Subs).r44,14.31,M
/The.Car.1977.DVDRip.x264(Multi Subs).r45,14.31,M
/The.Car.1977.DVDRip.x264(Multi Subs).r46,14.31,M
/The.Car.1977.DVDRip.x264(Multi Subs).r47,14.31,M
/The.Car.1977.DVDRip.x264(Multi Subs).r48,598.24,K
/The.Car.1977.DVDRip.x264(Multi Subs).rar,14.31,M
/The.Car.1977.DVDRip.x264-OP.nfo,1.19,K
/The.Car.1977.ENG.DVDRip.x264-OP.srt,61.56,K
/The.Car.1977.FIN.DVDRip.x264-OP.srt,55.46,K
/The.Car.1977.ITA.DVDRip.x264-OP.srt,60.44,K
/The.Car.1977.NOR.DVDRip.x264-OP.srt,57.57,K
/The.Car.1977.SPA.DVDRip.x264-OP.srt,60.33,K
/The.Car.1977.SWE.DVDRip.x264-OP.srt,58.16,K
/Torrent_downloaded_from_Demunoid.com.txt,47,B
