Title,Type,Files,Size,IMDB,Spoken Languages,Texted Languages,Tags,Quality (+),Quality (-),Uploaded,By,User Type,Seeders,Leechers,Info Hash,Picture,Capture Date
WWF In Your House 1[Xvid-Mp3] [Tntvillage.Scambioetico],205,1,613.33 MiB (643128320 Bytes),,English,English,,0,0,2009-08-05T18:38:34Z,proffy83,,2,2,531CEF24F52B44FFFC2578A1E0E1972FA5235559,,2012-07-28T03:49:43Z
