Filename,Size,Unit
DVD1/mvl-closa.iso,7.3,G
DVD1/mvl-closa.dvd,35,B
DVD2/mvl-closb.iso,7.3,G
DVD2/mvl-closb.dvd,35,B
DescargasDirectasAtope - Tu web de Descargas Directas.url,186,B
"ConsolasAtope - Tu web de consolas, PSP, PS2, PS3, Wii, Xbox360, NDS, PC, scene, manuales, tutoriales.url",168,B
