User Type,Username,Date,Text
,martin0904,2010-12-27T16:16Z,"hi everybody, please seed it, thanks"
