Title,Type,Files,Size,IMDB,Spoken Languages,Texted Languages,Tags,Quality (+),Quality (-),Uploaded,By,User Type,Seeders,Leechers,Info Hash,Picture,Capture Date
SarcMark - The Sarcasm Punctuation Mark,301,2,6.74 MiB (7067136 Bytes),,,,"""Sarcasm"",""Punctuation"",""Font"",""SarcMark"",""Torrent""",1,0,2010-01-27T05:06:43Z,Seriodor,,0,2,1207D30B405D6169287A349F331FE760D45294CF,,2012-07-21T11:10:18Z
