Filename,Size,Unit
/Este Fichero No Es Propiedad De Divxatope.com.txt,1.16,K
/Yo Mi Peor Enemigo 1x06 DVD DVB Spanish Sesionvip.com.avi,403.62,M
