Filename,Size,Unit
mosebacke sign.mp3,2.08,M
