Title,Type,Files,Size,IMDB,Spoken Languages,Texted Languages,Tags,Quality (+),Quality (-),Uploaded,By,User Type,Seeders,Leechers,Info Hash,Picture,Capture Date
My Sally Girl - Korean Movie,201,2,503.22 MiB (527664447 Bytes),http://www.imdb.com/title/tt0293715/,Korean,English,"""My Sally Girl"",""korean"",""movie""",0,0,2009-12-10T04:05:18Z,ve123,,0,4,206C0D1965464C04FE208A770B49D316BF92788B,,2012-07-23T17:45:08Z
