Filename,Size,Unit
ruby-expendables.nfo,6.36,K
ruby-expendables.r00,14.31,M
ruby-expendables.r01,14.31,M
ruby-expendables.r02,14.31,M
ruby-expendables.r03,14.31,M
ruby-expendables.r04,14.31,M
ruby-expendables.r05,14.31,M
ruby-expendables.r06,14.31,M
ruby-expendables.r07,14.31,M
ruby-expendables.r08,14.31,M
ruby-expendables.r09,14.31,M
ruby-expendables.r10,14.31,M
ruby-expendables.r11,14.31,M
ruby-expendables.r12,14.31,M
ruby-expendables.r13,14.31,M
ruby-expendables.r14,14.31,M
ruby-expendables.r15,14.31,M
ruby-expendables.r16,14.31,M
ruby-expendables.r17,14.31,M
ruby-expendables.r18,14.31,M
ruby-expendables.r19,14.31,M
ruby-expendables.r20,14.31,M
ruby-expendables.r21,14.31,M
ruby-expendables.r22,14.31,M
ruby-expendables.r23,14.31,M
ruby-expendables.r24,14.31,M
ruby-expendables.r25,14.31,M
ruby-expendables.r26,14.31,M
ruby-expendables.r27,14.31,M
ruby-expendables.r28,14.31,M
ruby-expendables.r29,14.31,M
ruby-expendables.r30,14.31,M
ruby-expendables.r31,14.31,M
ruby-expendables.r32,14.31,M
ruby-expendables.r33,14.31,M
ruby-expendables.r34,14.31,M
ruby-expendables.r35,14.31,M
ruby-expendables.r36,14.31,M
ruby-expendables.r37,14.31,M
ruby-expendables.r38,14.31,M
ruby-expendables.r39,14.31,M
ruby-expendables.r40,14.31,M
ruby-expendables.r41,14.31,M
ruby-expendables.r42,14.31,M
ruby-expendables.r43,14.31,M
ruby-expendables.r44,14.31,M
ruby-expendables.r45,14.31,M
ruby-expendables.r46,14.31,M
ruby-expendables.r47,14.31,M
ruby-expendables.r48,2.76,M
ruby-expendables.rar,14.31,M
ruby-expendables.sfv,1.51,K
www.SceneTime.com.jpg,134,B
