Filename,Size,Unit
kultsa1985.ISO,1.19,G
