Filename,Size,Unit
PutricideNEW.rar,467.43,M
