User Type,Username,Date,Text
,deadlykiss,2010-03-07T09:30Z,Tack tack xD
,carpenterhill,2010-04-25T18:15Z,"Tackar CD-uploader, kanon....."
