Title,Type,Files,Size,IMDB,Spoken Languages,Texted Languages,Tags,Quality (+),Quality (-),Uploaded,By,User Type,Seeders,Leechers,Info Hash,Picture,Capture Date
Real.Time.With.Bill.Maher.2010.10.22,205,3,202.11 MiB (211929496 Bytes),,English,,,6,0,2010-10-23T16:43:08Z,twentyforty,[V],0,0,066E642C8696BD27CD8FE6D909B0EE3CE028E09E,,2012-07-05T01:43:31Z
