User Type,Username,Date,Text
,tj-1404 ,2009-08-23T01:41Z,www.thaiforever.mono.net
,tumbejokum,2009-08-23T11:08Z,Takker.
