Title,Type,Files,Size,IMDB,Spoken Languages,Texted Languages,Tags,Quality (+),Quality (-),Uploaded,By,User Type,Seeders,Leechers,Info Hash,Picture,Capture Date
Survival - Drying Food pardeep333,601,11,402.08 KiB (411726 Bytes),,,English,,2,0,2010-10-12T05:42:58Z,pardeep333,[T],11,1,898058D45B5030E2DCA15E174D6A664680A08FF7,,2012-07-05T15:02:35Z
