Filename,Size,Unit
/adrka061.jpg,188.16,K
/adrka072.jpg,187.6,K
/adraj013.jpg,186.39,K
/adraj012.jpg,186.12,K
/adrka067.jpg,185.4,K
/adraj019.jpg,176.38,K
/adraj016.jpg,175.4,K
/adraj015.jpg,174.6,K
/adraj018.jpg,172.16,K
/adrka069.jpg,171.6,K
/adrka073.jpg,170.69,K
/adraj007.jpg,169.93,K
/adraj011.jpg,169.36,K
/adraj027.jpg,168.94,K
/adraj006.jpg,167.89,K
/adrka070.jpg,164.85,K
/adraj008.jpg,164.36,K
/adraj025.jpg,162.99,K
/adrka068.jpg,162.42,K
/adraj010.jpg,162.42,K
/adraj020.jpg,161.99,K
/adraj009.jpg,161.38,K
/adraj017.jpg,161.29,K
/adrka026.jpg,161.23,K
/adrka030.jpg,161.15,K
/adrka053.jpg,161.04,K
/adraj014.jpg,160.63,K
/adraj029.jpg,159.83,K
/adraj026.jpg,158.67,K
/adrka004.jpg,158.07,K
/adraj023.jpg,157.88,K
/adrka057.jpg,157.22,K
/adrka075.jpg,156.98,K
/adrka058.jpg,156.75,K
/adraj030.jpg,156.32,K
/adrbg027.jpg,155.38,K
/adraj022.jpg,155.29,K
/adrbg026.jpg,154.72,K
/adrka071.jpg,154.59,K
/adrka074.jpg,153.7,K
/adrka037.jpg,153.22,K
/adraj028.jpg,153.08,K
/adrbg017.jpg,152.88,K
/adrbg003.jpg,152.84,K
/adrka050.jpg,152.22,K
/adraj024.jpg,151.43,K
/adrka001.jpg,151.14,K
/adraj035.jpg,150.78,K
/adrka025.jpg,150.37,K
/adrka028.jpg,150.17,K
/adrka005.jpg,149.96,K
/adraj021.jpg,149.72,K
/adrka027.jpg,149.45,K
/adrka066.jpg,148.72,K
/adraj033.jpg,148.58,K
/adrka021.jpg,148.35,K
/adrka055.jpg,148.06,K
/adrka010.jpg,147.97,K
/adrka046.jpg,147.67,K
/adrka054.jpg,147,K
/adrka011.jpg,146.62,K
/adrbg050.jpg,146.45,K
/adraj031.jpg,146.31,K
/adrbg007.jpg,146.16,K
/adrbg043.jpg,146.12,K
/adrka023.jpg,145.67,K
/adrka006.jpg,145.4,K
/adrbg002.jpg,145.04,K
/adrka016.jpg,144.66,K
/adrka033.jpg,144.61,K
/adrka042.jpg,143.49,K
/adrbg015.jpg,143.33,K
/adrka052.jpg,143.17,K
/adrbg042.jpg,142.16,K
/adrka056.jpg,142.16,K
/adrka062.jpg,141.56,K
/adrka003.jpg,141.36,K
/adrka029.jpg,141.08,K
/adrka059.jpg,140.94,K
/adrbg051.jpg,140.84,K
/adrbg008.jpg,140.35,K
/adrka008.jpg,140.04,K
/adrka035.jpg,139.91,K
/adrka038.jpg,139.44,K
/adrka013.jpg,138.5,K
/adrka045.jpg,138.45,K
/adrka014.jpg,137.47,K
/adrbg020.jpg,136.98,K
/adrka015.jpg,136.53,K
/adrka031.jpg,135.43,K
/adrka040.jpg,135.11,K
/adraj034.jpg,134.53,K
/adrka012.jpg,134.42,K
/adrka022.jpg,134.41,K
/adrka065.jpg,134.26,K
/adrka009.jpg,132.55,K
/adrka047.jpg,132.54,K
/adrka019.jpg,132.46,K
/adrka017.jpg,131.35,K
/adrka064.jpg,131.17,K
/adraj032.jpg,130.86,K
/adrka051.jpg,130.38,K
/adrka007.jpg,129.67,K
/adrka024.jpg,129.59,K
/adrbg013.jpg,129.4,K
/adrka044.jpg,128.65,K
/adrka049.jpg,128.56,K
/adrka002.jpg,128.18,K
/adrka018.jpg,127.66,K
/adrbg052.jpg,126.83,K
/adrbg004.jpg,126.58,K
/adrbg012.jpg,125.85,K
/adrka043.jpg,125.53,K
/adrka048.jpg,125.43,K
/adrbg023.jpg,124.75,K
/adrka020.jpg,124.71,K
/adrka039.jpg,124.02,K
/adrbg030.jpg,123.25,K
/adrbg021.jpg,123.01,K
/adrbg006.jpg,122.91,K
/adrbg001.jpg,122.74,K
/adrbg022.jpg,122.54,K
/adrbg014.jpg,122.21,K
/adrbg036.jpg,122.16,K
/adrbg045.jpg,122.01,K
/adrka036.jpg,121.64,K
/adrka032.jpg,121.13,K
/adrbg037.jpg,120.31,K
/adrbg035.jpg,119.79,K
/adrka041.jpg,119.79,K
/adrbg044.jpg,119.45,K
/adrka063.jpg,118.49,K
/adrbg038.jpg,117.25,K
/adrbg049.jpg,117.22,K
/adrka060.jpg,116.78,K
/adrbg041.jpg,115.67,K
/adrka034.jpg,115.35,K
/adrbg033.jpg,115.25,K
/adrbg048.jpg,115.13,K
/adrbg046.jpg,115.01,K
/adrbg047.jpg,114.98,K
/adrbg032.jpg,114.64,K
/adrbg039.jpg,112.4,K
/adrbg034.jpg,111.9,K
/adrbg018.jpg,111.3,K
/adrbg011.jpg,110.68,K
/adrbg029.jpg,109.89,K
/adrbg028.jpg,105.56,K
/adrbg040.jpg,103.6,K
/adrbg009.jpg,99.53,K
/adrbg031.jpg,96.98,K
/adrbg016.jpg,92.13,K
/adrbg025.jpg,90.47,K
/adrbg019.jpg,88.28,K
/adrbg024.jpg,86.8,K
/adrbg010.jpg,85.79,K
/adrbg005.jpg,67.7,K
