Filename,Size,Unit
/MARCA DOMINGO 06 DE JUNIO DE 2010 KANTABRO!!!.pdf,15.29,M
