Title,Type,Files,Size,IMDB,Spoken Languages,Texted Languages,Tags,Quality (+),Quality (-),Uploaded,By,User Type,Seeders,Leechers,Info Hash,Picture,Capture Date
Baby Got Boobs – Mandy Dee (Juice Those Juggs),506,1,513.19 MiB (538113843 Bytes),,,,,0,0,2010-08-11T10:05:28Z,kelvin09,[T],2,1,FE664B9F28321F84E82D0AA1B9E86A39C5491E1C,,2012-07-08T15:10:06Z
