Title,Type,Files,Size,IMDB,Spoken Languages,Texted Languages,Tags,Quality (+),Quality (-),Uploaded,By,User Type,Seeders,Leechers,Info Hash,Picture,Capture Date
Big.Tits.Boss.12.XXX.DVDRip.XviD-NYMPHO,501,4,2.04 GiB (2190821037 Bytes),,,,,0,0,2010-06-20T14:27:02Z,Rabiner,,0,0,E89DD1B8B1706FB33947C1F0A865AE342CC0A478,,2012-07-14T12:26:28Z
