User Type,Username,Date,Text
[S],WTCSWE,2010-08-19T17:52Z,Enjoy your new status.
[T],simmyboy80,2010-08-19T20:44Z,"Thankyou very much TPB , more users can now enjoy my uploads as i have the much saught after skull !!!"
,beaver-wba,2012-03-06T23:58Z,please seed seed seed seed seed seed seed
,beaver-wba,2012-03-07T00:00Z,seed!
