Filename,Size,Unit
mfstjezebelseth_1080.mp4,1.65,G
