Filename,Size,Unit
/15 Alles Geprobeerd.mp3,19.06,M
/07 BelgiÃ«.mp3,11.65,M
/09 Iets Van Gevoel.mp3,10.24,M
/11 Geboren Voor Het Geluk.mp3,9.2,M
/14 Nooduitgang.mp3,8.83,M
/10 Atoombom.mp3,8.59,M
/13 Vriendschap.mp3,8.26,M
/05 Gijzelaar.mp3,8,M
/08 Sinterklaas (Wie Kent Hem Niet).mp3,7.91,M
/06 Eenvoud.mp3,7.55,M
/01 4 Films (Een Fimster Blijft Voor Eeuwig Leven).mp3,7.33,M
/03 Ik Dans Dus Ik Besta.mp3,7.19,M
/04 Zwijgen.mp3,7.02,M
/12 Net Zo Lief Gefortuneerd.mp3,6.1,M
/02 The Sonic Ranger Rides Again.mp3,5.17,M
