Title,Type,Files,Size,IMDB,Spoken Languages,Texted Languages,Tags,Quality (+),Quality (-),Uploaded,By,User Type,Seeders,Leechers,Info Hash,Picture,Capture Date
My Tits Were Made For Fucking (2010),501,2,1.36 GiB (1463304192 Bytes),,English,,"""My Tits Were Made For Fucking""",1,0,2010-02-09T10:00:38Z,webchella,[V],0,0,79E20B99A84062B392C3FB15665D9F28289DAF1F,,2012-07-20T19:43:33Z
