Filename,Size,Unit
hooks101.avi,27.59,M
