Filename,Size,Unit
/WebcamMax v6.0.1.9+Crack [ kk ].rar,12.89,M
