Filename,Size,Unit
/two.and.a.half.men.704.hdtv-lol.avi,174.71,M
/www.TorrentDay.com.txt,243,B
