Filename,Size,Unit
RDeploy/dos/rdeploy.exe,3.4,M
RDeploy/dos/rdeployt.exe,2.53,M
RDeploy/dos/firm.exe,1.67,M
RDeploy/dos/IBMaster.exe,38.71,K
RDeploy/dos/IBClient.exe,38.71,K
RDeploy/dos/amouse.com,5.26,K
RDeploy/linux/ia64/rdeployt,2.99,M
RDeploy/linux/ia64/firm,2.54,M
RDeploy/linux/x64/rdeployt,1.48,M
RDeploy/linux/x64/firm,1.18,M
RDeploy/linux/rdeployt,1.55,M
RDeploy/linux/firm,1.26,M
RDeploy/windows/ia64/rdeploy.exe,13.17,M
RDeploy/windows/ia64/rdeployt.exe,10.47,M
RDeploy/windows/ia64/firm.exe,8.71,M
RDeploy/windows/x64/rdeploy.exe,3.28,M
RDeploy/windows/x64/rdeployt.exe,2.37,M
RDeploy/windows/x64/firm.exe,1.85,M
RDeploy/windows/imgexpl.exe,1.83,M
RDeploy/windows/rdeploy.exe,649,K
RDeploy/windows/rdeployt.exe,507,K
RDeploy/windows/firm.exe,380,K
RDeploy/windows/imgexpl_DE.dll,244,K
RDeploy/windows/imgexpl_ES.dll,240,K
RDeploy/windows/imgexpl_FR.dll,240,K
RDeploy/windows/imgexpl_PT.dll,236,K
RDeploy/windows/imgexpl_IT.dll,236,K
RDeploy/windows/imgexpl_RU.dll,228,K
RDeploy/windows/imgexpl_JP.dll,228,K
RDeploy/windows/imgexpl_en.dll,228,K
RDeploy/windows/imgexpl_zh.dll,228,K
RDeploy/windows/imgexpl_jp.chm,78.61,K
RDeploy/windows/imgexpl_fr.chm,72.25,K
RDeploy/windows/imgexpl_de.chm,71.71,K
RDeploy/windows/imgexpl_ru.chm,70.55,K
RDeploy/windows/imgexpl_pt.chm,69.8,K
RDeploy/windows/ImgExpl_EN.chm,64.41,K
RDeploy/windows/imgexpl_es.chm,61.94,K
RDeploy/windows/ImgExpl.chm,51.61,K
RDeploy/windows/imgexpl_zh.chm,48.34,K
RDeploy/windows/imgexpl_it.chm,42.09,K
usb_rescue.img,203.69,M
LIST.TXT,1.82,K
USB_hidden Partion.txt,334,B
