Filename,Size,Unit
VID 00011-20090425-2206anni.3GP,2.21,M
