User Type,Username,Date,Text
,mickeyagrawal2001,2009-11-20T01:29Z,thanx mate
,acetone9,2010-11-21T09:25Z,"do you have 'eknathi bhagwat' by r.k.kamat
published by keshav bhikaji dhawle publication mumbai.
any links "
