Title,Type,Files,Size,IMDB,Spoken Languages,Texted Languages,Tags,Quality (+),Quality (-),Uploaded,By,User Type,Seeders,Leechers,Info Hash,Picture,Capture Date
D).Swiebertje DEEL  1 VAN  10   OP DVD,205,18,3.92 GiB (4205449427 Bytes),,,,"""Swiebertje deel 1""",0,0,2009-10-29T20:04:23Z,Anonymous,,1,1,CEA3EC1B6D5E46DB70C7A2D66BBED034908E29F5,,2012-07-25T21:28:23Z
