Filename,Size,Unit
KÃ©t fÃ©lidÃ¶ a pokolban (1962) ZoltÃ¡n FÃ¡bri.CD1.avi,700.51,M
KÃ©t fÃ©lidÃ¶ a pokolban (1962) ZoltÃ¡n FÃ¡bri.CD1.Eng.srt,47.66,K
KÃ©t fÃ©lidÃ¶ a pokolban (1962) ZoltÃ¡n FÃ¡bri.CD2.avi,698.48,M
KÃ©t fÃ©lidÃ¶ a pokolban (1962) ZoltÃ¡n FÃ¡bri.CD2.Eng.srt,28.97,K
SamuelBeckett22@live.com  info.rtf,4.42,K
two half times in hell.txt,4.12,K
Two_Half_Times_in_Hell.jpg,182.5,K
