Title,Type,Files,Size,IMDB,Spoken Languages,Texted Languages,Tags,Quality (+),Quality (-),Uploaded,By,User Type,Seeders,Leechers,Info Hash,Picture,Capture Date
Revista Playboy Eslovenia Diciembre 2010,601,2,77.69 MiB (81461858 Bytes),,,,,0,0,2010-11-21T09:35:21Z,chusca,[V],0,0,38516F891AE16B74D2A76BC08AD5DEBE5E4618B4,,2012-07-03T19:27:17Z
