Filename,Size,Unit
Dread.2009.DVDRip.x264.[Mysteik].mkv,350.07,M
