Title,Type,Files,Size,IMDB,Spoken Languages,Texted Languages,Tags,Quality (+),Quality (-),Uploaded,By,User Type,Seeders,Leechers,Info Hash,Picture,Capture Date
Parking.Wars.S04E11.READNFO.HDTV.XviD-MOMENTUM,205,17,174.36 MiB (182826583 Bytes),,,,,0,0,2010-11-17T05:51:50Z,scenebalance,[V],0,0,B8BC09BDB5B1139EF806A6DAE1A3467E891DB0CD,,2012-07-04T00:39:10Z
