Filename,Size,Unit
[ESC 2010 Final] Bosnia & Herzegovina - Vaukasin Brajic - Thunder And Lightning.avi,31.25,M
