Filename,Size,Unit
SÄ±nÄ±rlar ArasÄ±nda - Bosna'da Derebeylik Var.Avi,350.69,M
