Filename,Size,Unit
fifth.gear.s17e10.ws.pdtv.xvid-organic.nfo,1.28,K
fifth.gear.s17e10.ws.pdtv.xvid-organic.r00,14.31,M
fifth.gear.s17e10.ws.pdtv.xvid-organic.r01,14.31,M
fifth.gear.s17e10.ws.pdtv.xvid-organic.r02,14.31,M
fifth.gear.s17e10.ws.pdtv.xvid-organic.r03,14.31,M
fifth.gear.s17e10.ws.pdtv.xvid-organic.r04,14.31,M
fifth.gear.s17e10.ws.pdtv.xvid-organic.r05,14.31,M
fifth.gear.s17e10.ws.pdtv.xvid-organic.r06,14.31,M
fifth.gear.s17e10.ws.pdtv.xvid-organic.r07,14.31,M
fifth.gear.s17e10.ws.pdtv.xvid-organic.r08,14.31,M
fifth.gear.s17e10.ws.pdtv.xvid-organic.r09,14.31,M
fifth.gear.s17e10.ws.pdtv.xvid-organic.r10,14.31,M
fifth.gear.s17e10.ws.pdtv.xvid-organic.r11,3,M
fifth.gear.s17e10.ws.pdtv.xvid-organic.rar,14.31,M
fifth.gear.s17e10.ws.pdtv.xvid-organic.sfv,689,B
This torrent has been downloaded from scenetime.com.txt,143,B
