Filename,Size,Unit
The.Daily.Show.2010.01.18.David.M.Walker.HDTV.XviD-FQM.[VTV].avi,174.92,M
