Title,Type,Files,Size,IMDB,Spoken Languages,Texted Languages,Tags,Quality (+),Quality (-),Uploaded,By,User Type,Seeders,Leechers,Info Hash,Picture,Capture Date
Anna und die Liebe - F332.mpg,205,1,658.89 MiB (690898948 Bytes),,German,German,"""telenovela"",""anna"",""liebe""",0,0,2009-12-14T22:17:06Z,OllerSack,[T],0,0,E5A51762178AE02F692FC482B0277BF8EFBBD212,,2012-07-23T11:59:41Z
