Filename,Size,Unit
01 - No Neck Blues Band - The Doon.ogg,4.92,M
02 - No Neck Blues Band - Live Your Myth in Grease.ogg,7.82,M
03 - No Neck Blues Band - The Black Pope.ogg,5.13,M
04 - No Neck Blues Band - Qvaris Theme.ogg,2.61,M
05 - No Neck Blues Band - The Catepillar Heart.ogg,11.55,M
06 - No Neck Blues Band - Qvaris Theme (Loplop Hearing Qvaris).ogg,1.83,M
07 - No Neck Blues Band - Boreal Gluts.ogg,7.71,M
08 - No Neck Blues Band - Dark Equus.ogg,4.58,M
09 - No Neck Blues Band - Qvaris Theme (Wohihb).ogg,2.7,M
10 - No Neck Blues Band - Lugnagall.ogg,11.66,M
11 - No Neck Blues Band - Vaticon Blue (Theme End).ogg,6.7,M
