Filename,Size,Unit
1.jpg,237.78,K
2.jpg,235.29,K
3.jpg,231.08,K
4.jpg,230.48,K
5.jpg,227.68,K
6.jpg,226.77,K
7.jpg,224.86,K
8.jpg,224.15,K
9.jpg,223.78,K
10.jpg,221.47,K
11.jpg,221.3,K
12.jpg,218.98,K
13.jpg,217.41,K
14.jpg,217.08,K
15.jpg,216.98,K
16.jpg,216.61,K
17.jpg,215.4,K
18.jpg,213.77,K
19.jpg,213.25,K
20.jpg,212.79,K
21.jpg,212.68,K
22.jpg,211.62,K
23.jpg,211.07,K
24.jpg,210.92,K
25.jpg,209.79,K
26.jpg,209.49,K
27.jpg,208.47,K
28.jpg,208.43,K
29.jpg,207.85,K
30.jpg,206.46,K
31.jpg,205.87,K
32.jpg,205.8,K
33.jpg,205.42,K
34.jpg,204.62,K
35.jpg,204.15,K
36.jpg,203.86,K
37.jpg,202.51,K
38.jpg,202.38,K
39.jpg,202.37,K
40.jpg,202.04,K
41.jpg,200.39,K
42.jpg,199.9,K
43.jpg,199.56,K
44.jpg,199.28,K
45.jpg,197.87,K
46.jpg,193.65,K
47.jpg,191,K
48.jpg,190.39,K
49.jpg,187.92,K
50.jpg,187.47,K
51.jpg,174.72,K
52.jpg,161.81,K
53.jpg,152.33,K
54.jpg,149.35,K
55.jpg,149.18,K
