Title,Type,Files,Size,IMDB,Spoken Languages,Texted Languages,Tags,Quality (+),Quality (-),Uploaded,By,User Type,Seeders,Leechers,Info Hash,Picture,Capture Date
Remember Me.2010.BDRip.Xvid-Noir,201,2,701.42 MiB (735488370 Bytes),http://www.imdb.com/title/tt1403981/,English,,,2,0,2010-06-05T20:30:28Z,agentpiratebay,[T],0,0,40F262F578A8D1405AA06DFFC6B92C893B056616,,2012-07-15T04:36:54Z
