Filename,Size,Unit
F.E.A.R. Combat Patch v1.07 to v1.08.rar,17.95,M
