Filename,Size,Unit
v100662-399.wmv,1.04,G
