Filename,Size,Unit
/Woodman - Karaoku Hard Bed In Japan 2.wmv,728.74,M
/Woodman Casting X - Karaoku.wmv,421.13,M
