Filename,Size,Unit
Please Read This Guide Now.txt,493,B
psych.s05e02.repack.hdtv.xvid-fqm.avi,349.96,M
psych.s05e02.repack.hdtv.xvid-fqm.nfo,9.08,K
www.Torrentday.com.txt,493,B
