Filename,Size,Unit
aaf-alotouk.s02e06.pdtv.avi,175.41,M
aaf-alotouk.s02e06.pdtv.nfo,4.7,K
Please Read This Guide Now.txt,493,B
www.Torrentday.com.txt,493,B
