Filename,Size,Unit
/A Charmaine - TightAndAsian2.avi,210.33,M
/A Charmaine - TightAndAsian2.avi.jpg,179.16,K
/A Lucy.Lee - TightAndAsian2.avi,259.32,M
/A Lucy.Lee - TightAndAsian2.avi.jpg,174.3,K
/A+ Bamboo DP - TightAndAsian2.avi,307.09,M
/A+ Bamboo DP - TightAndAsian2.avi.jpg,176.27,K
/A+ Lyla.Lei An - TightAndAsian2.avi,271.39,M
/A+ Lyla.Lei An - TightAndAsian2.avi.jpg,175.51,K
/A+ Sabrine.Maui An - TightAndAsian2.avi,245.63,M
/A+ Sabrine.Maui An - TightAndAsian2.avi.jpg,188.53,K
/Back.jpg,103.82,K
/Front.jpg,99.27,K
