Title,Type,Files,Size,IMDB,Spoken Languages,Texted Languages,Tags,Quality (+),Quality (-),Uploaded,By,User Type,Seeders,Leechers,Info Hash,Picture,Capture Date
Europe-The_Final_Countdown-(Remastered)-2009[oalbums.com],199,1,76.41 MiB (80124207 Bytes),,,,,0,0,2009-12-09T17:22:43Z,klein155,[T],1,0,1828035F654BD937BACDDD8E2D6556342F06224E,,2012-07-23T18:24:20Z
