Filename,Size,Unit
BoysPissing - Shane's Wet & Wild Ride with Mike Roberts & Jeremiah Johnson.mp4,137.88,M
