Filename,Size,Unit
DAncehall Groove_Selecta Dubfire.mp3,109.06,M
DANCEHALL GROOVE.jpeg,1.94,M
