Filename,Size,Unit
/Other Tracks/Weird Al Yankovic- Headline News.mp3,3.49,M
/Other Tracks/Weird Al Yankovic- Spy Hard.mp3,2.58,M
/Other Tracks/Weird Al Yankovic- Polkamon.mp3,1.89,M
/Weird Al Yankovic- 'Weird Al' Yankovic ( 1983 )/Weird Al Yankovic- I'll Be Mellow When I'm Dead.mp3,4.65,M
/Weird Al Yankovic- 'Weird Al' Yankovic ( 1983 )/Weird Al Yankovic- The Check's In The Mail.mp3,4.2,M
/Weird Al Yankovic- 'Weird Al' Yankovic ( 1983 )/Weird Al Yankovic- Stop Draggin' My Car Around.mp3,4.2,M
/Weird Al Yankovic- 'Weird Al' Yankovic ( 1983 )/Weird Al Yankovic- Buckingham Blues.mp3,4.08,M
/Weird Al Yankovic- 'Weird Al' Yankovic ( 1983 )/Weird Al Yankovic- Such A Groovy Guy.mp3,3.88,M
/Weird Al Yankovic- 'Weird Al' Yankovic ( 1983 )/Weird Al Yankovic- Another One Rides The Bus.mp3,3.44,M
/Weird Al Yankovic- 'Weird Al' Yankovic ( 1983 )/Weird Al Yankovic- I Love Rocky Road.mp3,3.36,M
/Weird Al Yankovic- 'Weird Al' Yankovic ( 1983 )/Weird Al Yankovic- Ricky.mp3,3.32,M
/Weird Al Yankovic- 'Weird Al' Yankovic ( 1983 )/Weird Al Yankovic- Happy Birthday.mp3,3.16,M
/Weird Al Yankovic- 'Weird Al' Yankovic ( 1983 )/Weird Al Yankovic- Gotta Boogie.mp3,2.91,M
/Weird Al Yankovic- 'Weird Al' Yankovic ( 1983 )/Weird Al Yankovic- My Bologna.mp3,2.58,M
/Weird Al Yankovic- 'Weird Al' Yankovic ( 1983 )/Weird Al Yankovic- Mr. Frump In The Iron Lung.mp3,2.47,M
/Weird Al Yankovic- 'Weird Al' Yankovic ( 1983 )/Weird Al Yankovic- Weird Al Yankovic (Front Cover).jpg,1.07,M
/Weird Al Yankovic- 'Weird Al' Yankovic ( 1983 )/Weird Al Yankovic- Weird Al Yankovic (Back Cover).jpg,599.99,K
/Weird Al Yankovic- 'Weird Al' Yankovic ( 1983 )/Weird Al Yankovic- Weird Al Yankovic (CD Inside Cover).jpg,427.52,K
/Weird Al Yankovic- 'Weird Al' Yankovic ( 1983 )/Weird Al Yankovic- Weird Al Yankovic (CD Cover).jpg,290.29,K
/Weird Al Yankovic- Alapalooza ( 1993 )/Weird Al Yankovic- She Never Told Me She Was a Mime.mp3,6,M
/Weird Al Yankovic- Alapalooza ( 1993 )/Weird Al Yankovic- Waffle King.mp3,5.71,M
"/Weird Al Yankovic- Alapalooza ( 1993 )/Weird Al Yankovic- Young, Dumb & Ugly.mp3",5.63,M
/Weird Al Yankovic- Alapalooza ( 1993 )/Weird Al Yankovic- Talk Soup.mp3,5.57,M
/Weird Al Yankovic- Alapalooza ( 1993 )/Weird Al Yankovic- Frank's 2000-inch TV.mp3,5.25,M
/Weird Al Yankovic- Alapalooza ( 1993 )/Weird Al Yankovic- Traffic Jam.mp3,5.15,M
/Weird Al Yankovic- Alapalooza ( 1993 )/Weird Al Yankovic- Jurassic Park.mp3,5.03,M
/Weird Al Yankovic- Alapalooza ( 1993 )/Weird Al Yankovic- Bohemian Polka.mp3,4.68,M
/Weird Al Yankovic- Alapalooza ( 1993 )/Weird Al Yankovic- Livin' In The Fridge.mp3,4.65,M
/Weird Al Yankovic- Alapalooza ( 1993 )/Weird Al Yankovic- Bedrock Anthem.mp3,4.6,M
/Weird Al Yankovic- Alapalooza ( 1993 )/Weird Al Yankovic- Achy Breaky Song.mp3,4.39,M
/Weird Al Yankovic- Alapalooza ( 1993 )/Weird Al Yankovic- Harvey the Wonder Hamster.mp3,457.43,K
/Weird Al Yankovic- Alapalooza ( 1993 )/Weird Al Yankovic- Alapalooza (Back Cover).jpg,133.91,K
/Weird Al Yankovic- Alapalooza ( 1993 )/Weird Al Yankovic- Alapalooza (CD Inside Cover).jpg,121.7,K
/Weird Al Yankovic- Alapalooza ( 1993 )/Weird Al Yankovic- Alapalooza (CD Cover).jpg,115.68,K
/Weird Al Yankovic- Alapalooza ( 1993 )/Weird Al Yankovic- Alapalooza (Front Cover).jpg,91.22,K
/Weird Al Yankovic- Bad Hair Day ( 1996 )/Weird Al Yankovic- The Alternative Polka.mp3,6.09,M
/Weird Al Yankovic- Bad Hair Day ( 1996 )/Weird Al Yankovic- Cavity Search.mp3,5.5,M
/Weird Al Yankovic- Bad Hair Day ( 1996 )/Weird Al Yankovic- The Night Santa Went Crazy.mp3,5.06,M
/Weird Al Yankovic- Bad Hair Day ( 1996 )/Weird Al Yankovic- I Remember Larry.mp3,5.06,M
/Weird Al Yankovic- Bad Hair Day ( 1996 )/Weird Al Yankovic- Syndicated Inc..mp3,4.99,M
/Weird Al Yankovic- Bad Hair Day ( 1996 )/Weird Al Yankovic- Everything You Know Is Wrong.mp3,4.79,M
/Weird Al Yankovic- Bad Hair Day ( 1996 )/Weird Al Yankovic- Callin In Sick.mp3,4.7,M
/Weird Al Yankovic- Bad Hair Day ( 1996 )/Weird Al Yankovic- Phony Calls.mp3,4.35,M
/Weird Al Yankovic- Bad Hair Day ( 1996 )/Weird Al Yankovic- I'm So Sick Of You.mp3,4.31,M
/Weird Al Yankovic- Bad Hair Day ( 1996 )/Weird Al Yankovic- Amish Paradise.mp3,4.17,M
/Weird Al Yankovic- Bad Hair Day ( 1996 )/Weird Al Yankovic- Gump.mp3,2.69,M
/Weird Al Yankovic- Bad Hair Day ( 1996 )/Weird Al Yankovic- Since You've Been Gone.mp3,1.7,M
/Weird Al Yankovic- Bad Hair Day ( 1996 )/Weird Al Yankovic- Bad Hair Day (Front Cover).jpg,115.82,K
/Weird Al Yankovic- Bad Hair Day ( 1996 )/Weird Al Yankovic- Bad Hair Day (CD Cover).jpg,108.48,K
/Weird Al Yankovic- Bad Hair Day ( 1996 )/Weird Al Yankovic- Bad Hair Day (CD Inlay Cover).jpg,107.16,K
/Weird Al Yankovic- Bad Hair Day ( 1996 )/Weird Al Yankovic- Bad Hair Day (Back Cover).jpg,98.08,K
/Weird Al Yankovic- Bad Hair Day ( 1996 )/Weird Al Yankovic- Bad Hair Day (CD Inside Cover).jpg,79.89,K
/Weird Al Yankovic- Dare To Be Stupid ( 1985 )/Weird Al Yankovic- Slime Creatures From Outer Space.mp3,5.69,M
/Weird Al Yankovic- Dare To Be Stupid ( 1985 )/Weird Al Yankovic- One More Minute.mp3,5.05,M
/Weird Al Yankovic- Dare To Be Stupid ( 1985 )/Weird Al Yankovic- Hooked On Polkas.mp3,5.02,M
/Weird Al Yankovic- Dare To Be Stupid ( 1985 )/Weird Al Yankovic- Yoda.mp3,4.93,M
/Weird Al Yankovic- Dare To Be Stupid ( 1985 )/Weird Al Yankovic- Cable TV.mp3,4.67,M
/Weird Al Yankovic- Dare To Be Stupid ( 1985 )/Weird Al Yankovic- Like A Surgeon.mp3,4.41,M
/Weird Al Yankovic- Dare To Be Stupid ( 1985 )/Weird Al Yankovic- Dare To Be Stupid.mp3,4.32,M
/Weird Al Yankovic- Dare To Be Stupid ( 1985 )/Weird Al Yankovic- This Is The Life.mp3,4.06,M
/Weird Al Yankovic- Dare To Be Stupid ( 1985 )/Weird Al Yankovic- I Want A New Duck.mp3,3.91,M
/Weird Al Yankovic- Dare To Be Stupid ( 1985 )/Weird Al Yankovic- Girls Just Want To Have Lunch.mp3,3.62,M
/Weird Al Yankovic- Dare To Be Stupid ( 1985 )/Weird Al Yankovic- George Of The Jungle.mp3,1.38,M
/Weird Al Yankovic- Dare To Be Stupid ( 1985 )/Weird Al Yankovic- Dare To Be Stupid (Back Cover).jpg,405.03,K
/Weird Al Yankovic- Dare To Be Stupid ( 1985 )/Weird Al Yankovic- Dare To Be Stupid (Front Cover).jpg,356.03,K
/Weird Al Yankovic- Even Worse ( 1988 )/Weird Al Yankovic- Stuck in a Closet With Vanna White.mp3,6.31,M
/Weird Al Yankovic- Even Worse ( 1988 )/Weird Al Yankovic- Velvet Elvis.mp3,5.52,M
/Weird Al Yankovic- Even Worse ( 1988 )/Weird Al Yankovic- Melanie.mp3,4.85,M
/Weird Al Yankovic- Even Worse ( 1988 )/Weird Al Yankovic- Fat.mp3,4.67,M
/Weird Al Yankovic- Even Worse ( 1988 )/Weird Al Yankovic- (This Song's Just) Six Words Long.mp3,4.56,M
/Weird Al Yankovic- Even Worse ( 1988 )/Weird Al Yankovic- I Think I'm a Clone Now.mp3,4.3,M
/Weird Al Yankovic- Even Worse ( 1988 )/Weird Al Yankovic- Good Old Days.mp3,4.2,M
/Weird Al Yankovic- Even Worse ( 1988 )/Weird Al Yankovic- Alimony.mp3,4.09,M
/Weird Al Yankovic- Even Worse ( 1988 )/Weird Al Yankovic- You Make Me.mp3,3.85,M
/Weird Al Yankovic- Even Worse ( 1988 )/Weird Al Yankovic- Lasagna.mp3,3.48,M
/Weird Al Yankovic- Even Worse ( 1988 )/Weird Al Yankovic- Twister.mp3,1.34,M
/Weird Al Yankovic- Even Worse ( 1988 )/Weird Al Yankovic- Even Worse (Back Cover).jpg,162.3,K
/Weird Al Yankovic- Even Worse ( 1988 )/Weird Al Yankovic- Even Worse (CD Cover).jpg,110.26,K
/Weird Al Yankovic- Even Worse ( 1988 )/Weird Al Yankovic- Even Worse (Front Cover).jpg,76.09,K
/Weird Al Yankovic- Greatest Hits Volume I ( 1991 )/Weird Al Yankovic- Fat.mp3,5.5,M
/Weird Al Yankovic- Greatest Hits Volume I ( 1991 )/Weird Al Yankovic- Eat It.mp3,5.09,M
/Weird Al Yankovic- Greatest Hits Volume I ( 1991 )/Weird Al Yankovic- One More Minute.mp3,5.05,M
/Weird Al Yankovic- Greatest Hits Volume I ( 1991 )/Weird Al Yankovic- Addicted To Spuds.mp3,4.68,M
/Weird Al Yankovic- Greatest Hits Volume I ( 1991 )/Weird Al Yankovic- Like A Surgeon.mp3,4.41,M
/Weird Al Yankovic- Greatest Hits Volume I ( 1991 )/Weird Al Yankovic- Dare To Be Stupid.mp3,4.32,M
/Weird Al Yankovic- Greatest Hits Volume I ( 1991 )/Weird Al Yankovic- I Lost On Jeopardy.mp3,4.28,M
/Weird Al Yankovic- Greatest Hits Volume I ( 1991 )/Weird Al Yankovic- Living With A Hernia.mp3,4.15,M
/Weird Al Yankovic- Greatest Hits Volume I ( 1991 )/Weird Al Yankovic- Lasagna.mp3,3.48,M
/Weird Al Yankovic- Greatest Hits Volume I ( 1991 )/Weird Al Yankovic- Ricky.mp3,3.32,M
/Weird Al Yankovic- Greatest Hits Volume I ( 1991 )/Wierd Al Yankovic- Greatest Hits ( Volume I ).jpg,48.84,K
/Weird Al Yankovic- Greatest Hits Volume II ( 1994 )/Weird Al Yankovic- Headline News.mp3,4.86,M
/Weird Al Yankovic- Greatest Hits Volume II ( 1994 )/Weird Al Yankovic- Polka Your Eyes Out.mp3,4.61,M
/Weird Al Yankovic- Greatest Hits Volume II ( 1994 )/Weird Al Yankovic- Jurassic Park.mp3,4.61,M
/Weird Al Yankovic- Greatest Hits Volume II ( 1994 )/Weird Al Yankovic- UHF.mp3,4.58,M
/Weird Al Yankovic- Greatest Hits Volume II ( 1994 )/Weird Al Yankovic- Yoda.mp3,4.45,M
/Weird Al Yankovic- Greatest Hits Volume II ( 1994 )/Weird Al Yankovic- Smells Like Nirvana.mp3,4.39,M
/Weird Al Yankovic- Greatest Hits Volume II ( 1994 )/Weird Al Yankovic- You Don't Love Me Anymore.mp3,4.39,M
/Weird Al Yankovic- Greatest Hits Volume II ( 1994 )/Weird Al Yankovic- Bedrock Anthem.mp3,4.24,M
/Weird Al Yankovic- Greatest Hits Volume II ( 1994 )/Weird Al Yankovic- Achy Breaky Song.mp3,4.11,M
/Weird Al Yankovic- Greatest Hits Volume II ( 1994 )/Weird Al Yankovic- Money For Nothing-Beverly Hillbillies.mp3,3.79,M
/Weird Al Yankovic- Greatest Hits Volume II ( 1994 )/Weird Al Yankovic- This Is The Life.mp3,3.74,M
/Weird Al Yankovic- Greatest Hits Volume II ( 1994 )/Weird Al Yankovic- Christmas At Ground Zero.mp3,2.97,M
/Weird Al Yankovic- Greatest Hits Volume II ( 1994 )/Weird Al Yankovic- Greatest Hits Volume II (Front Cover).jpg,604.47,K
/Weird Al Yankovic- Greatest Hits Volume II ( 1994 )/Weird Al Yankovic- Greatest Hits Volume II (CD Cover).jpg,595.97,K
/Weird Al Yankovic- Greatest Hits Volume II ( 1994 )/Weird Al Yankovic- Greatest Hits Volume II (Back Cover).jpg,593.81,K
/Weird Al Yankovic- In 3D ( 1984 )/Weird Al Yankovic- Nature Trail To Hell.mp3,7.05,M
/Weird Al Yankovic- In 3D ( 1984 )/Weird Al Yankovic- Mr. Popeil.mp3,5.79,M
/Weird Al Yankovic- In 3D ( 1984 )/Weird Al Yankovic- Midnight Star.mp3,5.51,M
/Weird Al Yankovic- In 3D ( 1984 )/Weird Al Yankovic- Polkas On 45.mp3,5.33,M
/Weird Al Yankovic- In 3D ( 1984 )/Weird Al Yankovic- King Of Suede.mp3,5.26,M
/Weird Al Yankovic- In 3D ( 1984 )/Weird Al Yankovic- Buy Me A Condo.mp3,4.71,M
/Weird Al Yankovic- In 3D ( 1984 )/Weird Al Yankovic- Theme From Rocky XIII.mp3,4.45,M
/Weird Al Yankovic- In 3D ( 1984 )/Weird Al Yankovic- That Boy Could Dance.mp3,4.28,M
/Weird Al Yankovic- In 3D ( 1984 )/Weird Al Yankovic- I Lost On Jeopardy.mp3,4.28,M
/Weird Al Yankovic- In 3D ( 1984 )/Weird Al Yankovic- Eat It.mp3,4.12,M
/Weird Al Yankovic- In 3D ( 1984 )/Weird Al Yankovic- The Brady Bunch.mp3,3.27,M
/Weird Al Yankovic- In 3D ( 1984 )/Weird Al Yankovic- In 3D (Front Cover).jpg,1017.86,K
/Weird Al Yankovic- In 3D ( 1984 )/Weird Al Yankovic- In 3D (Back Cover).jpg,932.01,K
/Weird Al Yankovic- In 3D ( 1984 )/Weird Al Yankovic- In 3D (CD Inside Cover).jpg,903.72,K
/Weird Al Yankovic- In 3D ( 1984 )/Weird Al Yankovic- In 3D (CD Cover).jpg,248.98,K
/Weird Al Yankovic- Internet Leaks (2009)/Weird Al Yankovic- Whatever You Like.mp3,6.15,M
/Weird Al Yankovic- Internet Leaks (2009)/Weird Al Yankovic- Craigslist.mp3,4.45,M
/Weird Al Yankovic- Internet Leaks (2009)/Weird Al Yankovic- Skipper Dan.mp3,3.72,M
/Weird Al Yankovic- Internet Leaks (2009)/Weird Al Yankovic- Ringtone.mp3,3.13,M
/Weird Al Yankovic- Internet Leaks (2009)/Weird Al Yankovic- CNR.mp3,2.55,M
/Weird Al Yankovic- Internet Leaks (2009)/Internet Leaks.jpg,59.63,K
/Weird Al Yankovic- Off The Deep End ( 1992 )/Weird Al Yankovic- When I Was Your Age.mp3,5.69,M
/Weird Al Yankovic- Off The Deep End ( 1992 )/Weird Al Yankovic- The Plumbing Song.mp3,5.34,M
/Weird Al Yankovic- Off The Deep End ( 1992 )/Weird Al Yankovic- You Don't Love Me Anymore.mp3,5.05,M
/Weird Al Yankovic- Off The Deep End ( 1992 )/Weird Al Yankovic- Polka Your Eyes Out.mp3,4.85,M
/Weird Al Yankovic- Off The Deep End ( 1992 )/Weird Al Yankovic- Taco Grande.mp3,4.82,M
/Weird Al Yankovic- Off The Deep End ( 1992 )/Weird Al Yankovic- Airline Amy.mp3,4.74,M
/Weird Al Yankovic- Off The Deep End ( 1992 )/Weird Al Yankovic- Smells Like Nirvana.mp3,4.63,M
/Weird Al Yankovic- Off The Deep End ( 1992 )/Weird Al Yankovic- Trigger Happy.mp3,4.6,M
/Weird Al Yankovic- Off The Deep End ( 1992 )/Weird Al Yankovic- I Can't Watch This.mp3,4.51,M
/Weird Al Yankovic- Off The Deep End ( 1992 )/Weird Al Yankovic- I Was Only Kidding.mp3,4.31,M
/Weird Al Yankovic- Off The Deep End ( 1992 )/Weird Al Yankovic- The White Stuff.mp3,3.42,M
/Weird Al Yankovic- Off The Deep End ( 1992 )/Weird Al Yankovic- Off The Deep End (Back Cover).jpg,257.79,K
/Weird Al Yankovic- Off The Deep End ( 1992 )/Weird Al Yankovic- Off The Deep End (Front Cover).jpg,210.77,K
/Weird Al Yankovic- Off The Deep End ( 1992 )/Weird Al Yankovic- Off The Deep End (CD Cover).jpg,164.27,K
/Weird Al Yankovic- Off The Deep End ( 1992 )/Weird Al Yankovic- Off The Deep End (CD Inside Cover).jpg,136.77,K
"/Weird Al Yankovic- Permanent Record, Al In The Box ( 1994 )/Permanent Record, Al In The Box ( Disc 1 )/Weird Al Yankovic- Mr Popeil.mp3",5.42,M
"/Weird Al Yankovic- Permanent Record, Al In The Box ( 1994 )/Permanent Record, Al In The Box ( Disc 1 )/Weird Al Yankovic- Midnight Star.mp3",5.29,M
"/Weird Al Yankovic- Permanent Record, Al In The Box ( 1994 )/Permanent Record, Al In The Box ( Disc 1 )/Weird Al Yankovic- Polkas On 45.mp3",5,M
"/Weird Al Yankovic- Permanent Record, Al In The Box ( 1994 )/Permanent Record, Al In The Box ( Disc 1 )/Weird Al Yankovic- King Of Suede.mp3",4.83,M
"/Weird Al Yankovic- Permanent Record, Al In The Box ( 1994 )/Permanent Record, Al In The Box ( Disc 1 )/Weird Al Yankovic- Buy Me A Condo.mp3",4.47,M
"/Weird Al Yankovic- Permanent Record, Al In The Box ( 1994 )/Permanent Record, Al In The Box ( Disc 1 )/Weird Al Yankovic- I Lost On Jeopardy.mp3",4.02,M
"/Weird Al Yankovic- Permanent Record, Al In The Box ( 1994 )/Permanent Record, Al In The Box ( Disc 1 )/Weird Al Yankovic- Eat It.mp3",3.89,M
"/Weird Al Yankovic- Permanent Record, Al In The Box ( 1994 )/Permanent Record, Al In The Box ( Disc 1 )/Weird Al Yankovic- Happy Birthday.mp3",3.04,M
"/Weird Al Yankovic- Permanent Record, Al In The Box ( 1994 )/Permanent Record, Al In The Box ( Disc 1 )/Weird Al Yankovic- Another One Rides The Bus.mp3",3.02,M
"/Weird Al Yankovic- Permanent Record, Al In The Box ( 1994 )/Permanent Record, Al In The Box ( Disc 1 )/Weird Al Yankovic- Ricky.mp3",3.02,M
"/Weird Al Yankovic- Permanent Record, Al In The Box ( 1994 )/Permanent Record, Al In The Box ( Disc 1 )/Weird Al Yankovic- I Love Rocky Road.mp3",3,M
"/Weird Al Yankovic- Permanent Record, Al In The Box ( 1994 )/Permanent Record, Al In The Box ( Disc 1 )/Weird Al Yankovic- My Bologna.mp3",2.36,M
"/Weird Al Yankovic- Permanent Record, Al In The Box ( 1994 )/Permanent Record, Al In The Box ( Disc 2 )/Weird Al Yankovic- One More Minute.mp3",4.68,M
"/Weird Al Yankovic- Permanent Record, Al In The Box ( 1994 )/Permanent Record, Al In The Box ( Disc 2 )/Weird Al Yankovic- Yoda.mp3",4.58,M
"/Weird Al Yankovic- Permanent Record, Al In The Box ( 1994 )/Permanent Record, Al In The Box ( Disc 2 )/Weird Al Yankovic- Hooked On Polkas.mp3",4.46,M
"/Weird Al Yankovic- Permanent Record, Al In The Box ( 1994 )/Permanent Record, Al In The Box ( Disc 2 )/Weird Al Yankovic- Addicted To Spuds.mp3",4.45,M
"/Weird Al Yankovic- Permanent Record, Al In The Box ( 1994 )/Permanent Record, Al In The Box ( Disc 2 )/Weird Al Yankovic- Dog Eat Dog.mp3",4.3,M
"/Weird Al Yankovic- Permanent Record, Al In The Box ( 1994 )/Permanent Record, Al In The Box ( Disc 2 )/Weird Al Yankovic- Like A Surgeon.mp3",4.07,M
"/Weird Al Yankovic- Permanent Record, Al In The Box ( 1994 )/Permanent Record, Al In The Box ( Disc 2 )/Weird Al Yankovic- Dare To Be Stupid.mp3",3.96,M
"/Weird Al Yankovic- Permanent Record, Al In The Box ( 1994 )/Permanent Record, Al In The Box ( Disc 2 )/Weird Al Yankovic- Here's Johnny.mp3",3.94,M
"/Weird Al Yankovic- Permanent Record, Al In The Box ( 1994 )/Permanent Record, Al In The Box ( Disc 2 )/Weird Al Yankovic- Living With A Hernia.mp3",3.86,M
"/Weird Al Yankovic- Permanent Record, Al In The Box ( 1994 )/Permanent Record, Al In The Box ( Disc 2 )/Weird Al Yankovic- This Is The Life.mp3",3.57,M
"/Weird Al Yankovic- Permanent Record, Al In The Box ( 1994 )/Permanent Record, Al In The Box ( Disc 2 )/Weird Al Yankovic- I Want A New Duck.mp3",3.54,M
"/Weird Al Yankovic- Permanent Record, Al In The Box ( 1994 )/Permanent Record, Al In The Box ( Disc 2 )/Weird Al Yankovic- Christmas At Ground Zero.mp3",2.85,M
"/Weird Al Yankovic- Permanent Record, Al In The Box ( 1994 )/Permanent Record, Al In The Box ( Disc 3 )/Weird Al Yankovic- The Biggest Ball Of Twine In Minnesota.mp3",8.61,M
"/Weird Al Yankovic- Permanent Record, Al In The Box ( 1994 )/Permanent Record, Al In The Box ( Disc 3 )/Weird Al Yankovic- UHF (Single Version).mp3",4.71,M
"/Weird Al Yankovic- Permanent Record, Al In The Box ( 1994 )/Permanent Record, Al In The Box ( Disc 3 )/Weird Al Yankovic- Generic Blues.mp3",4.19,M
"/Weird Al Yankovic- Permanent Record, Al In The Box ( 1994 )/Permanent Record, Al In The Box ( Disc 3 )/Weird Al Yankovic- Money For Nothing-Beverly Hillbillies.mp3",4.07,M
"/Weird Al Yankovic- Permanent Record, Al In The Box ( 1994 )/Permanent Record, Al In The Box ( Disc 3 )/Weird Al Yankovic- Fat.mp3",3.31,M
"/Weird Al Yankovic- Permanent Record, Al In The Box ( 1994 )/Permanent Record, Al In The Box ( Disc 3 )/Weird Al Yankovic- Melanie.mp3",3.14,M
"/Weird Al Yankovic- Permanent Record, Al In The Box ( 1994 )/Permanent Record, Al In The Box ( Disc 3 )/Weird Al Yankovic- Good Old Days.mp3",3.01,M
"/Weird Al Yankovic- Permanent Record, Al In The Box ( 1994 )/Permanent Record, Al In The Box ( Disc 3 )/Weird Al Yankovic- I Think I'm A Clone Now.mp3",2.91,M
"/Weird Al Yankovic- Permanent Record, Al In The Box ( 1994 )/Permanent Record, Al In The Box ( Disc 3 )/Weird Al Yankovic- You Make Me.mp3",2.83,M
"/Weird Al Yankovic- Permanent Record, Al In The Box ( 1994 )/Permanent Record, Al In The Box ( Disc 3 )/Weird Al Yankovic- Spam.mp3",2.75,M
"/Weird Al Yankovic- Permanent Record, Al In The Box ( 1994 )/Permanent Record, Al In The Box ( Disc 3 )/Weird Al Yankovic- Alimony.mp3",2.75,M
"/Weird Al Yankovic- Permanent Record, Al In The Box ( 1994 )/Permanent Record, Al In The Box ( Disc 3 )/Weird Al Yankovic- Lasagna.mp3",2.51,M
"/Weird Al Yankovic- Permanent Record, Al In The Box ( 1994 )/Permanent Record, Al In The Box ( Disck 4 )/Weird Al Yankovic- When I Was Your Age.mp3",4.2,M
"/Weird Al Yankovic- Permanent Record, Al In The Box ( 1994 )/Permanent Record, Al In The Box ( Disck 4 )/Weird Al Yankovic- Frank's 2000 Inch TV.mp3",3.7,M
"/Weird Al Yankovic- Permanent Record, Al In The Box ( 1994 )/Permanent Record, Al In The Box ( Disck 4 )/Weird Al Yankovic- Jurassic Park.mp3",3.56,M
"/Weird Al Yankovic- Permanent Record, Al In The Box ( 1994 )/Permanent Record, Al In The Box ( Disck 4 )/Weird Al Yankovic- Polka Your Eyes Out.mp3",3.51,M
"/Weird Al Yankovic- Permanent Record, Al In The Box ( 1994 )/Permanent Record, Al In The Box ( Disck 4 )/Weird Al Yankovic- Taco Grande.mp3",3.42,M
"/Weird Al Yankovic- Permanent Record, Al In The Box ( 1994 )/Permanent Record, Al In The Box ( Disck 4 )/Weird Al Yankovic- Smells Like Nirvana.mp3",3.39,M
"/Weird Al Yankovic- Permanent Record, Al In The Box ( 1994 )/Permanent Record, Al In The Box ( Disck 4 )/Weird Al Yankovic- Bedrock Anthem.mp3",3.36,M
"/Weird Al Yankovic- Permanent Record, Al In The Box ( 1994 )/Permanent Record, Al In The Box ( Disck 4 )/Weird Al Yankovic- Livin' In The Fridge.mp3",3.3,M
"/Weird Al Yankovic- Permanent Record, Al In The Box ( 1994 )/Permanent Record, Al In The Box ( Disck 4 )/Weird Al Yankovic- I Can't Watch This.mp3",3.23,M
"/Weird Al Yankovic- Permanent Record, Al In The Box ( 1994 )/Permanent Record, Al In The Box ( Disck 4 )/Weird Al Yankovic- You Don't Love Me Anymore.mp3",3.21,M
"/Weird Al Yankovic- Permanent Record, Al In The Box ( 1994 )/Permanent Record, Al In The Box ( Disck 4 )/Weird Al Yankovic- Achy Breaky Song.mp3",3.07,M
"/Weird Al Yankovic- Permanent Record, Al In The Box ( 1994 )/Permanent Record, Al In The Box ( Disck 4 )/Weird Al Yankovic- Trigger Happy.mp3",3.04,M
"/Weird Al Yankovic- Permanent Record, Al In The Box ( 1994 )/Permanent Record, Al In The Box ( Disck 4 )/Weird Al Yankovic- Headline News.mp3",2.99,M
"/Weird Al Yankovic- Permanent Record, Al In The Box ( 1994 )/Permanent Record, Al In The Box ( Disck 4 )/Weird Al Yankovic- Harvey The Wonder Hamster.mp3",492,K
"/Weird Al Yankovic- Permanent Record, Al In The Box ( 1994 )/Weird Al Yankovic- Permanent Record, All In The Box (Front Cover).jpg",33.04,K
/Weird Al Yankovic- Peter And The Wolf (1988)/Weird Al Yankovic- Peter And The Wolf.mp3,34.44,M
/Weird Al Yankovic- Peter And The Wolf (1988)/Weird Al Yankovic- Peter And The Wolf (Introduction).mp3,4.34,M
/Weird Al Yankovic- Peter And The Wolf (1988)/Weird Al Yankovic- Vulture.mp3,3.95,M
/Weird Al Yankovic- Peter And The Wolf (1988)/Weird Al Yankovic- Finale.mp3,3.6,M
/Weird Al Yankovic- Peter And The Wolf (1988)/Weird Al Yankovic- Poodle.mp3,3.37,M
/Weird Al Yankovic- Peter And The Wolf (1988)/Weird Al Yankovic- Shark.mp3,2.94,M
/Weird Al Yankovic- Peter And The Wolf (1988)/Weird Al Yankovic- Pigeons.mp3,2.53,M
/Weird Al Yankovic- Peter And The Wolf (1988)/Weird Al Yankovic- Snails.mp3,2.25,M
/Weird Al Yankovic- Peter And The Wolf (1988)/Weird Al Yankovic- Amoeba.mp3,2.2,M
/Weird Al Yankovic- Peter And The Wolf (1988)/Weird Al Yankovic- Aardvark.mp3,2.01,M
/Weird Al Yankovic- Peter And The Wolf (1988)/Weird Al Yankovic- Cockroaches.mp3,1.91,M
/Weird Al Yankovic- Peter And The Wolf (1988)/Weird Al Yankovic- Unicorn.mp3,1.72,M
/Weird Al Yankovic- Peter And The Wolf (1988)/Weird Al Yankovic- Alligator.mp3,1.69,M
/Weird Al Yankovic- Peter And The Wolf (1988)/Weird Al Yankovic- The Carinival Of The Animals (Part II Introduction).mp3,1.54,M
/Weird Al Yankovic- Peter And The Wolf (1988)/Weird Al Yankovic- Hummingbirds.mp3,1.19,M
/Weird Al Yankovic- Peter And The Wolf (1988)/Weird Al Yankovic- Iguana.mp3,688.12,K
/Weird Al Yankovic- Peter And The Wolf (1988)/Weird Al Yankovic- Peter And The Wolf (Front Cover).jpg,47.16,K
/Weird Al Yankovic- Polka Party! ( 1986 )/Weird Al Yankovic- Addicted To Spuds.mp3,4.68,M
/Weird Al Yankovic- Polka Party! ( 1986 )/Weird Al Yankovic- Dog Eat Dog.mp3,4.62,M
/Weird Al Yankovic- Polka Party! ( 1986 )/Weird Al Yankovic- Don't Wear Those Shoes.mp3,4.38,M
/Weird Al Yankovic- Polka Party! ( 1986 )/Weird Al Yankovic- Toothless People.mp3,4.35,M
/Weird Al Yankovic- Polka Party! ( 1986 )/Weird Al Yankovic- Here's Johnny.mp3,4.23,M
/Weird Al Yankovic- Polka Party! ( 1986 )/Weird Al Yankovic- Living With A Hernia.mp3,4.15,M
/Weird Al Yankovic- Polka Party! ( 1986 )/Weird Al Yankovic- One Of Those Days.mp3,4.1,M
/Weird Al Yankovic- Polka Party! ( 1986 )/Weird Al Yankovic- Polka Party!.mp3,3.99,M
/Weird Al Yankovic- Polka Party! ( 1986 )/Weird Al Yankovic- Christmas At Ground Zero.mp3,3.9,M
/Weird Al Yankovic- Polka Party! ( 1986 )/Weird Al Yankovic- Good Enough For Now.mp3,3.83,M
/Weird Al Yankovic- Polka Party! ( 1986 )/Weird Al Yankovic- Polka Party (Front Cover).jpg,823.84,K
/Weird Al Yankovic- Polka Party! ( 1986 )/Weird Al Yankovic- Polka Party (Back Cover).jpg,394.6,K
/Weird Al Yankovic- Polka Party! ( 1986 )/Weird Al Yankovic- Polka Party (Inside).jpg,378.95,K
/Weird Al Yankovic- Polka Party! ( 1986 )/Weird Al Yankovic- Polka Party (CD Cover).jpg,239.96,K
/Weird Al Yankovic- Poodle Hat ( 2003 )/Weird Al Yankovic- Genius In France.mp3,11.53,M
/Weird Al Yankovic- Poodle Hat ( 2003 )/Weird Al Yankovic- Wanna B Ur Lovr.mp3,8.05,M
/Weird Al Yankovic- Poodle Hat ( 2003 )/Weird Al Yankovic- Angry White Boy Polka.mp3,6.4,M
/Weird Al Yankovic- Poodle Hat ( 2003 )/Weird Al Yankovic- Ode To A Superhero.mp3,6.33,M
/Weird Al Yankovic- Poodle Hat ( 2003 )/Weird Al Yankovic- Why Does This Always Happen To Me.mp3,6.26,M
/Weird Al Yankovic- Poodle Hat ( 2003 )/Weird Al Yankovic- Couch Potato.mp3,5.57,M
/Weird Al Yankovic- Poodle Hat ( 2003 )/Weird Al Yankovic- Hardware Store.mp3,4.89,M
/Weird Al Yankovic- Poodle Hat ( 2003 )/Weird Al Yankovic- A Complicated Song.mp3,4.73,M
/Weird Al Yankovic- Poodle Hat ( 2003 )/Weird Al Yankovic- Party At The Leper Colony.mp3,4.64,M
/Weird Al Yankovic- Poodle Hat ( 2003 )/Weird Al Yankovic- Ebay.mp3,4.63,M
/Weird Al Yankovic- Poodle Hat ( 2003 )/Weird Al Yankovic- Trash Day.mp3,4.13,M
/Weird Al Yankovic- Poodle Hat ( 2003 )/Weird Al Yankovic- Bob.mp3,3.14,M
/Weird Al Yankovic- Poodle Hat ( 2003 )/Weird Al Yankovic- Poodle Hat (Back Cover).jpg,655.14,K
/Weird Al Yankovic- Poodle Hat ( 2003 )/Weird Al Yankovic- Poodle Hat (Front Cover).jpg,488.48,K
/Weird Al Yankovic- Poodle Hat ( 2003 )/Weird Al Yankovic- Poodle Hat (CD Inside Cover).jpg,453.43,K
/Weird Al Yankovic- Poodle Hat ( 2003 )/Weird Al Yankovic- Poodle Hat (CD Inlay Cover).jpg,448.38,K
/Weird Al Yankovic- Poodle Hat ( 2003 )/Weird Al Yankovic- Poodle Hat (CD Cover).jpg,417.26,K
/Weird Al Yankovic- Running With Scissors ( 1999 )/Weird Al Yankovic- Albuquerque.mp3,14.23,M
/Weird Al Yankovic- Running With Scissors ( 1999 )/Weird Al Yankovic- The Saga Begins.mp3,6.98,M
/Weird Al Yankovic- Running With Scissors ( 1999 )/Weird Al Yankovic- Germs.mp3,6.02,M
/Weird Al Yankovic- Running With Scissors ( 1999 )/Weird Al Yankovic- Polka Power.mp3,5.52,M
/Weird Al Yankovic- Running With Scissors ( 1999 )/Weird Al Yankovic- Your Horoscope for Today.mp3,4.99,M
/Weird Al Yankovic- Running With Scissors ( 1999 )/Weird Al Yankovic- All About The Pentiums.mp3,4.57,M
/Weird Al Yankovic- Running With Scissors ( 1999 )/Weird Al Yankovic- Grapefruit Diet.mp3,4.38,M
/Weird Al Yankovic- Running With Scissors ( 1999 )/Weird Al Yankovic- My Baby's in Love With Eddie Vedder.mp3,4.36,M
/Weird Al Yankovic- Running With Scissors ( 1999 )/Weird Al Yankovic- Pretty Fly For A Rabbi.mp3,3.86,M
/Weird Al Yankovic- Running With Scissors ( 1999 )/Weird Al Yankovic- Jerry Springer.mp3,3.52,M
/Weird Al Yankovic- Running With Scissors ( 1999 )/Weird Al Yankovic- Truck Drivin Song.mp3,3.08,M
/Weird Al Yankovic- Running With Scissors ( 1999 )/Weird Al Yankovic- The Weird Al Show Theme.mp3,1.55,M
/Weird Al Yankovic- Running With Scissors ( 1999 )/Weird Al Yankovic- Running With Scissors (Back Cover).jpg,1.04,M
/Weird Al Yankovic- Running With Scissors ( 1999 )/Weird Al Yankovic- Running With Scissors (Front Cover).jpg,995.72,K
/Weird Al Yankovic- Running With Scissors ( 1999 )/Weird Al Yankovic- Running With Scissors (CD Cover).jpg,740.72,K
/Weird Al Yankovic- Straight Outta Lynwood ( 2006 )/Weird Al Yankovic- Trapped In The Drive-Thru.mp3,13.95,M
/Weird Al Yankovic- Straight Outta Lynwood ( 2006 )/Weird Al Yankovic- Polkarama.mp3,5.46,M
/Weird Al Yankovic- Straight Outta Lynwood ( 2006 )/Weird Al Yankovic- Confessions Part 3.mp3,5.09,M
/Weird Al Yankovic- Straight Outta Lynwood ( 2006 )/Weird Al Yankovic- Don't Download This Song.mp3,5.01,M
/Weird Al Yankovic- Straight Outta Lynwood ( 2006 )/Weird Al Yankovic- I'll Sue Ya.mp3,5.01,M
/Weird Al Yankovic- Straight Outta Lynwood ( 2006 )/Weird Al Yankovic- Close But No Cigar.mp3,5,M
/Weird Al Yankovic- Straight Outta Lynwood ( 2006 )/Weird Al Yankovic- Pancreas.mp3,4.91,M
/Weird Al Yankovic- Straight Outta Lynwood ( 2006 )/Weird Al Yankovic- Virus Alert.mp3,4.86,M
/Weird Al Yankovic- Straight Outta Lynwood ( 2006 )/Weird Al Yankovic- You're Pitiful.mp3,4.5,M
/Weird Al Yankovic- Straight Outta Lynwood ( 2006 )/Weird Al Yankovic- White And Nerdy.mp3,3.7,M
/Weird Al Yankovic- Straight Outta Lynwood ( 2006 )/Weird Al Yankovic- Do I Creep You Out.mp3,3.49,M
/Weird Al Yankovic- Straight Outta Lynwood ( 2006 )/Weird Al Yankovic- Canadian Idiot.mp3,3.05,M
/Weird Al Yankovic- Straight Outta Lynwood ( 2006 )/Weird Al Yankovic- Weasel Stomping Day.mp3,2,M
/Weird Al Yankovic- Straight Outta Lynwood ( 2006 )/Weird Al Yankovic- Straight Outta Lynwood (Back Cover).jpg,287.59,K
/Weird Al Yankovic- Straight Outta Lynwood ( 2006 )/Weird Al Yankovic- Straight Outta Lynwood (Front Cover).jpg,250.83,K
/Weird Al Yankovic- Straight Outta Lynwood ( 2006 )/Weird Al Yankovic- Straight Outta Lynwood (CD Inside Cover).jpg,169.99,K
/Weird Al Yankovic- The Essential Weird Al Yankovic (2 CDs) ( 2009 )/Weird Al Yankovic- The Essential Weird Al Yankovic ( Disc 1 )/WE0091~1.MP3,9.39,M
/Weird Al Yankovic- The Essential Weird Al Yankovic (2 CDs) ( 2009 )/Weird Al Yankovic- The Essential Weird Al Yankovic ( Disc 1 )/Weird Al Yankovic- Frank's 2000 TV.mp3,6.16,M
/Weird Al Yankovic- The Essential Weird Al Yankovic (2 CDs) ( 2009 )/Weird Al Yankovic- The Essential Weird Al Yankovic ( Disc 1 )/Weird Al Yankovic- Melanie.mp3,6,M
/Weird Al Yankovic- The Essential Weird Al Yankovic (2 CDs) ( 2009 )/Weird Al Yankovic- The Essential Weird Al Yankovic ( Disc 1 )/Weird Al Yankovic- Polkas On 45.mp3,5.95,M
/Weird Al Yankovic- The Essential Weird Al Yankovic (2 CDs) ( 2009 )/Weird Al Yankovic- The Essential Weird Al Yankovic ( Disc 1 )/Weird Al Yankovic- Jurassic Park.mp3,5.85,M
/Weird Al Yankovic- The Essential Weird Al Yankovic (2 CDs) ( 2009 )/Weird Al Yankovic- The Essential Weird Al Yankovic ( Disc 1 )/Weird Al Yankovic- UHF.mp3,5.81,M
/Weird Al Yankovic- The Essential Weird Al Yankovic (2 CDs) ( 2009 )/Weird Al Yankovic- The Essential Weird Al Yankovic ( Disc 1 )/Weird Al Yankovic- Smells Like Nirvana.mp3,5.81,M
/Weird Al Yankovic- The Essential Weird Al Yankovic (2 CDs) ( 2009 )/Weird Al Yankovic- The Essential Weird Al Yankovic ( Disc 1 )/Weird Al Yankovic- Dog Eat Dog.mp3,5.59,M
/Weird Al Yankovic- The Essential Weird Al Yankovic (2 CDs) ( 2009 )/Weird Al Yankovic- The Essential Weird Al Yankovic ( Disc 1 )/Weird Al Yankovic- Yoda.mp3,5.58,M
/Weird Al Yankovic- The Essential Weird Al Yankovic (2 CDs) ( 2009 )/Weird Al Yankovic- The Essential Weird Al Yankovic ( Disc 1 )/Weird Al Yankovic- Trigger Happy.mp3,5.54,M
/Weird Al Yankovic- The Essential Weird Al Yankovic (2 CDs) ( 2009 )/Weird Al Yankovic- The Essential Weird Al Yankovic ( Disc 1 )/Weird Al Yankovic- Bedrock Anthem.mp3,5.52,M
/Weird Al Yankovic- The Essential Weird Al Yankovic (2 CDs) ( 2009 )/Weird Al Yankovic- The Essential Weird Al Yankovic ( Disc 1 )/Weird Al Yankovic- One More Minute.mp3,5.36,M
/Weird Al Yankovic- The Essential Weird Al Yankovic (2 CDs) ( 2009 )/Weird Al Yankovic- The Essential Weird Al Yankovic ( Disc 1 )/Weird Al Yankovic- Fat.mp3,5.11,M
/Weird Al Yankovic- The Essential Weird Al Yankovic (2 CDs) ( 2009 )/Weird Al Yankovic- The Essential Weird Al Yankovic ( Disc 1 )/Weird Al Yankovic- Dare To Be Stupid.mp3,5.04,M
/Weird Al Yankovic- The Essential Weird Al Yankovic (2 CDs) ( 2009 )/Weird Al Yankovic- The Essential Weird Al Yankovic ( Disc 1 )/Weird Al Yankovic- Like A Surgeon.mp3,5.01,M
/Weird Al Yankovic- The Essential Weird Al Yankovic (2 CDs) ( 2009 )/Weird Al Yankovic- The Essential Weird Al Yankovic ( Disc 1 )/Weird Al Yankovic- You Don't Love Me Anymore.mp3,4.8,M
/Weird Al Yankovic- The Essential Weird Al Yankovic (2 CDs) ( 2009 )/Weird Al Yankovic- The Essential Weird Al Yankovic ( Disc 1 )/Weird Al Yankovic- I Lost On Jeopardy.mp3,4.23,M
/Weird Al Yankovic- The Essential Weird Al Yankovic (2 CDs) ( 2009 )/Weird Al Yankovic- The Essential Weird Al Yankovic ( Disc 1 )/Weird Al Yankovic- Eat It.mp3,4.18,M
/Weird Al Yankovic- The Essential Weird Al Yankovic (2 CDs) ( 2009 )/Weird Al Yankovic- The Essential Weird Al Yankovic ( Disc 1 )/Weird Al Yankovic- Lasagna.mp3,3.97,M
/Weird Al Yankovic- The Essential Weird Al Yankovic (2 CDs) ( 2009 )/Weird Al Yankovic- The Essential Weird Al Yankovic ( Disc 1 )/Weird Al Yankovic- Another One Rides The Bus.mp3,3.74,M
/Weird Al Yankovic- The Essential Weird Al Yankovic (2 CDs) ( 2009 )/Weird Al Yankovic- The Essential Weird Al Yankovic ( Disc 2 )/Weird Al Yankovic- Albuquerque.mp3,15.91,M
/Weird Al Yankovic- The Essential Weird Al Yankovic (2 CDs) ( 2009 )/Weird Al Yankovic- The Essential Weird Al Yankovic ( Disc 2 )/Weird Al Yankovic- Trapped In The Drive-Thru.mp3,12.47,M
/Weird Al Yankovic- The Essential Weird Al Yankovic (2 CDs) ( 2009 )/Weird Al Yankovic- The Essential Weird Al Yankovic ( Disc 2 )/Weird Al Yankovic- The Saga Begins.mp3,7.41,M
/Weird Al Yankovic- The Essential Weird Al Yankovic (2 CDs) ( 2009 )/Weird Al Yankovic- The Essential Weird Al Yankovic ( Disc 2 )/Weird Al Yankovic- Hardware Store.mp3,6.07,M
/Weird Al Yankovic- The Essential Weird Al Yankovic (2 CDs) ( 2009 )/Weird Al Yankovic- The Essential Weird Al Yankovic ( Disc 2 )/Weird Al Yankovic- Your Horoscope For Today.mp3,5.7,M
/Weird Al Yankovic- The Essential Weird Al Yankovic (2 CDs) ( 2009 )/Weird Al Yankovic- The Essential Weird Al Yankovic ( Disc 2 )/Weird Al Yankovic- The Night Santa Went Crazy.mp3,5.6,M
/Weird Al Yankovic- The Essential Weird Al Yankovic (2 CDs) ( 2009 )/Weird Al Yankovic- The Essential Weird Al Yankovic ( Disc 2 )/Weird Al Yankovic- I'll Sue Ya.mp3,5.57,M
/Weird Al Yankovic- The Essential Weird Al Yankovic (2 CDs) ( 2009 )/Weird Al Yankovic- The Essential Weird Al Yankovic ( Disc 2 )/Weird Al Yankovic- It's All About The Pentiums.mp3,5.57,M
/Weird Al Yankovic- The Essential Weird Al Yankovic (2 CDs) ( 2009 )/Weird Al Yankovic- The Essential Weird Al Yankovic ( Disc 2 )/Weird Al Yankovic- Don't Download This Song.mp3,5.42,M
/Weird Al Yankovic- The Essential Weird Al Yankovic (2 CDs) ( 2009 )/Weird Al Yankovic- The Essential Weird Al Yankovic ( Disc 2 )/WE93EC~1.MP3,5.41,M
/Weird Al Yankovic- The Essential Weird Al Yankovic (2 CDs) ( 2009 )/Weird Al Yankovic- The Essential Weird Al Yankovic ( Disc 2 )/Weird Al Yankovic- Ebay.mp3,5.14,M
/Weird Al Yankovic- The Essential Weird Al Yankovic (2 CDs) ( 2009 )/Weird Al Yankovic- The Essential Weird Al Yankovic ( Disc 2 )/Weird Al Yankovic- Pancreas.mp3,4.8,M
/Weird Al Yankovic- The Essential Weird Al Yankovic (2 CDs) ( 2009 )/Weird Al Yankovic- The Essential Weird Al Yankovic ( Disc 2 )/Weird Al Yankovic- White And Nerdy.mp3,4.16,M
/Weird Al Yankovic- The Essential Weird Al Yankovic (2 CDs) ( 2009 )/Weird Al Yankovic- The Essential Weird Al Yankovic ( Disc 2 )/Weird Al Yankovic- Amish Paradise.mp3,3.64,M
/Weird Al Yankovic- The Essential Weird Al Yankovic (2 CDs) ( 2009 )/Weird Al Yankovic- The Essential Weird Al Yankovic ( Disc 2 )/Weird Al Yankovic- Canadian Idiot.mp3,3.57,M
/Weird Al Yankovic- The Essential Weird Al Yankovic (2 CDs) ( 2009 )/Weird Al Yankovic- The Essential Weird Al Yankovic ( Disc 2 )/Weird Al Yankovic- Bob.mp3,3.37,M
/Weird Al Yankovic- The Essential Weird Al Yankovic (2 CDs) ( 2009 )/Weird Al Yankovic- The Essential Weird Al Yankovic ( Disc 2 )/Weird Al Yankovic- Gump.mp3,2.85,M
/Weird Al Yankovic- The Essential Weird Al Yankovic (2 CDs) ( 2009 )/Weird Al Yankovic- The Essential Weird Al Yankovic ( Disc 2 )/Weird Al Yankovic- Since You've Been Gone.mp3,1.67,M
/Weird Al Yankovic- The Essential Weird Al Yankovic (2 CDs) ( 2009 )/Weird Al Yankovic- The Essential Weird Al Yankovic ( Front Cover ).jpg,46.02,K
/Weird Al Yankovic- The Food Album ( 1993 )/Weird Al Yankovic- Taco Grande.mp3,5.73,M
/Weird Al Yankovic- The Food Album ( 1993 )/Weird Al Yankovic- Addicted To Spuds.mp3,5.63,M
/Weird Al Yankovic- The Food Album ( 1993 )/Weird Al Yankovic- Fat.mp3,5.5,M
/Weird Al Yankovic- The Food Album ( 1993 )/Weird Al Yankovic- The Rye Or The Kaiser (Theme From Rocky XIII).mp3,5.29,M
/Weird Al Yankovic- The Food Album ( 1993 )/Weird Al Yankovic- Eat It.mp3,5.09,M
/Weird Al Yankovic- The Food Album ( 1993 )/Weird Al Yankovic- Spam.mp3,5.04,M
/Weird Al Yankovic- The Food Album ( 1993 )/Weird Al Yankovic- Eat It (Without Vocals) [Bonus Track].mp3,4.85,M
/Weird Al Yankovic- The Food Album ( 1993 )/Weird Al Yankovic- Lasagna.mp3,4.19,M
/Weird Al Yankovic- The Food Album ( 1993 )/Weird Al Yankovic- I Love Rocky Road.mp3,4.06,M
/Weird Al Yankovic- The Food Album ( 1993 )/Weird Al Yankovic- The White Stuff.mp3,3.81,M
/Weird Al Yankovic- The Food Album ( 1993 )/Weird Al Yankovic- My Bologna.mp3,3.09,M
/Weird Al Yankovic- The Food Album ( 1993 )/Weird Al Yankovic- The Food Album (Back Cover).jpg,349.06,K
/Weird Al Yankovic- The Food Album ( 1993 )/Weird Al Yankovic- The Food Album (Front Cover).jpg,221.92,K
/Weird Al Yankovic- The Food Album ( 1993 )/Weird Al Yankovic- The Food Album (CD Cover).jpg,131.56,K
/Weird Al Yankovic- The TV Album ( 1995 )/Weird Al Yankovic- UHF.mp3,6.61,M
/Weird Al Yankovic- The TV Album ( 1995 )/Weird Al Yankovic- Frank's 2000' TV.mp3,4.93,M
/Weird Al Yankovic- The TV Album ( 1995 )/Weird Al Yankovic- Talk Soup.mp3,4.93,M
/Weird Al Yankovic- The TV Album ( 1995 )/Weird Al Yankovic- Cable TV.mp3,4.65,M
/Weird Al Yankovic- The TV Album ( 1995 )/Weird Al Yankovic- Bedrock Anthem.mp3,4.3,M
/Weird Al Yankovic- The TV Album ( 1995 )/Weird Al Yankovic- Here's Johnny.mp3,4.14,M
/Weird Al Yankovic- The TV Album ( 1995 )/Weird Al Yankovic- I Can't Watch This.mp3,4.03,M
/Weird Al Yankovic- The TV Album ( 1995 )/Weird Al Yankovic- I Lost On Jeopardy.mp3,3.92,M
/Weird Al Yankovic- The TV Album ( 1995 )/Weird Al Yankovic- Money For Nothing-Beverly Hillbillies.mp3,3.78,M
/Weird Al Yankovic- The TV Album ( 1995 )/Weird Al Yankovic- Ricky.mp3,3.27,M
/Weird Al Yankovic- The TV Album ( 1995 )/Weird Al Yankovic- The Brady Bunch.mp3,3.22,M
/Weird Al Yankovic- The TV Album ( 1995 )/Weird Al Yankovic- The TV Album (Back Cover).jpg,856.46,K
/Weird Al Yankovic- The TV Album ( 1995 )/Weird Al Yankovic- The TV Album (Front Cover).jpg,587.41,K
/Weird Al Yankovic- The TV Album ( 1995 )/Weird Al Yankovic- The TV Album (CD Cover).jpg,527.61,K
/Weird Al Yankovic- UHF ( 1989 )/Weird Al Yankovic- The Biggest Ball Of Twine In Minnesota.mp3,8.61,M
/Weird Al Yankovic- UHF ( 1989 )/Weird Al Yankovic- UHF.mp3,6.58,M
/Weird Al Yankovic- UHF ( 1989 )/Weird Al Yankovic- The Hot Rocks Polka.mp3,6.06,M
/Weird Al Yankovic- UHF ( 1989 )/Weird Al Yankovic- Generic Blues.mp3,5.77,M
/Weird Al Yankovic- UHF ( 1989 )/Weird Al Yankovic- She Drives Like Crazy.mp3,4.75,M
/Weird Al Yankovic- UHF ( 1989 )/Weird Al Yankovic- Isle Thing.mp3,4.59,M
/Weird Al Yankovic- UHF ( 1989 )/Weird Al Yankovic- Attack Of The Radioactive Hamsters From A Planet Near Mars.mp3,4.31,M
/Weird Al Yankovic- UHF ( 1989 )/Weird Al Yankovic- Money For Nothing-Beverly Hillbillies.mp3,4.07,M
/Weird Al Yankovic- UHF ( 1989 )/Weird Al Yankovic- Spam.mp3,3.78,M
/Weird Al Yankovic- UHF ( 1989 )/Weird Al Yankovic- Fun Zone.mp3,2.17,M
/Weird Al Yankovic- UHF ( 1989 )/Weird Al Yankovic- Spatula City.mp3,1.39,M
/Weird Al Yankovic- UHF ( 1989 )/Weird Al Yankovic- Gandhi II.mp3,1.29,M
/Weird Al Yankovic- UHF ( 1989 )/Weird Al Yankovic- UHF (Front Cover).jpg,949.42,K
/Weird Al Yankovic- UHF ( 1989 )/Weird Al Yankovic- UHF (Back Cover).jpg,926.76,K
/Weird Al Yankovic- UHF ( 1989 )/Weird Al Yankovic- UHF (CD Inside Cover).jpg,766.92,K
/Weird Al Yankovic- UHF ( 1989 )/Weird Al Yankovic- Let Me Be Your Hog.mp3,360.41,K
/Weird Al Yankovic- UHF ( 1989 )/Weird Al Yankovic- UHF (CD Cover).jpg,283.99,K
