User Type,Username,Date,Text
,R35P3C7,2010-02-21T23:33Z,visit www.all4mp3.com for mp3HD Winamp plugin and other info.
