Filename,Size,Unit
egypt.unwrapped.special.race.to.bury.tut.hdtv.xvid-fqm.avi,349.9,M
egypt.unwrapped.special.race.to.bury.tut.hdtv.xvid-fqm.nfo,9.13,K
Please Read This Guide Now.txt,493,B
www.Torrentday.com.txt,493,B
