Filename,Size,Unit
ASD - Rupture [2009].mkv,167.34,M
