User Type,Username,Date,Text
,netnag,2009-09-23T20:46Z,Thanks for the upload
