Filename,Size,Unit
18 year old amateur - Natasha.wmv,207.6,M
