Title,Type,Files,Size,IMDB,Spoken Languages,Texted Languages,Tags,Quality (+),Quality (-),Uploaded,By,User Type,Seeders,Leechers,Info Hash,Picture,Capture Date
Private Sex Magazine 1 - 5,599,5,33.08 MiB (34691494 Bytes),,,,,0,0,2010-03-08T22:17:08Z,wildcherry508,,0,3,83000D71A33FC637FD133A54A1EB28A45CCDE808,,2012-07-19T10:51:34Z
