User Type,Username,Date,Text
,fredpie,2010-03-07T23:11Z,please seed. thanks!
