Filename,Size,Unit
/Read-Me.txt,402,B
/the.business.inspector.s01e03.ws.pdtv.xvid-c4tv.nfo,5.02,K
/the.business.inspector.s01e03.ws.pdtv.xvid-c4tv.r00,14.31,M
/the.business.inspector.s01e03.ws.pdtv.xvid-c4tv.r01,14.31,M
/the.business.inspector.s01e03.ws.pdtv.xvid-c4tv.r02,14.31,M
/the.business.inspector.s01e03.ws.pdtv.xvid-c4tv.r03,14.31,M
/the.business.inspector.s01e03.ws.pdtv.xvid-c4tv.r04,14.31,M
/the.business.inspector.s01e03.ws.pdtv.xvid-c4tv.r05,14.31,M
/the.business.inspector.s01e03.ws.pdtv.xvid-c4tv.r06,14.31,M
/the.business.inspector.s01e03.ws.pdtv.xvid-c4tv.r07,14.31,M
/the.business.inspector.s01e03.ws.pdtv.xvid-c4tv.r08,14.31,M
/the.business.inspector.s01e03.ws.pdtv.xvid-c4tv.r09,14.31,M
/the.business.inspector.s01e03.ws.pdtv.xvid-c4tv.r10,14.31,M
/the.business.inspector.s01e03.ws.pdtv.xvid-c4tv.r11,14.31,M
/the.business.inspector.s01e03.ws.pdtv.xvid-c4tv.r12,14.31,M
/the.business.inspector.s01e03.ws.pdtv.xvid-c4tv.r13,14.31,M
/the.business.inspector.s01e03.ws.pdtv.xvid-c4tv.r14,14.31,M
/the.business.inspector.s01e03.ws.pdtv.xvid-c4tv.r15,14.31,M
/the.business.inspector.s01e03.ws.pdtv.xvid-c4tv.r16,14.31,M
/the.business.inspector.s01e03.ws.pdtv.xvid-c4tv.r17,14.31,M
/the.business.inspector.s01e03.ws.pdtv.xvid-c4tv.r18,14.31,M
/the.business.inspector.s01e03.ws.pdtv.xvid-c4tv.r19,14.31,M
/the.business.inspector.s01e03.ws.pdtv.xvid-c4tv.r20,14.31,M
/the.business.inspector.s01e03.ws.pdtv.xvid-c4tv.r21,14.31,M
/the.business.inspector.s01e03.ws.pdtv.xvid-c4tv.r22,14.31,M
/the.business.inspector.s01e03.ws.pdtv.xvid-c4tv.r23,6.58,M
/the.business.inspector.s01e03.ws.pdtv.xvid-c4tv.rar,14.31,M
/the.business.inspector.s01e03.ws.pdtv.xvid-c4tv.sfv,1.51,K
/www.torrentday.com.txt,402,B
