Filename,Size,Unit
/George.Carlin.Its.Bad.For.Ya.2008.DVDRiP.XviD-.avi,699.67,M
/George.Carlin.Its.Bad.For.Ya.2008.DVDRiP.XviD-.jpg,43.82,K
