User Type,Username,Date,Text
,eVoLuTiOn22,2012-07-04T14:33Z,thanks
