Filename,Size,Unit
Victorie [04.03.10 marcco].rar,17.68,M
