User Type,Username,Date,Text
,tweak87,2010-01-20T23:06Z,thnks for this  all 
