Filename,Size,Unit
/03 ragged wood.mp3,7.71,M
/08 your protector.mp3,6.03,M
/10 blue ridge mountains.mp3,5.8,M
/05 quiet houses.mp3,5.34,M
/06 he doesn't know why.mp3,4.68,M
/01-fleet_foxes-sun_it_rises.mp3,4.47,M
/07 heard them stirring.mp3,4.36,M
/04 tiger mountain peasant song.mp3,4.35,M
/09 meadowlark.mp3,3.64,M
/02-fleet_foxes-white_winter_hymnal.mp3,3.52,M
/11 oliver james.mp3,3.42,M
