Filename,Size,Unit
/Initiation D une Jeune Libertine A La Tentation [DVDRIP][Amateur].www.lokotorrents.com.avi,701.17,M
