Filename,Size,Unit
/1. Amon Ra.wma,5.21,M
/2. Bloodlust.wma,4.39,M
