Filename,Size,Unit
release info.txt,14.29,K
Torrent downloaded from AhaShare.com.txt,59,B
Torrent downloaded from Demonoid.com.txt,47,B
Torrent downloaded from ExtraTorrent.com.txt,48,B
Torrent downloaded from Kingdom-KVCD.net.txt,52,B
Torrent downloaded from thepiratebay.org.txt,48,B
twist-xvid-roh.avi,698.47,M
