Title,Type,Files,Size,IMDB,Spoken Languages,Texted Languages,Tags,Quality (+),Quality (-),Uploaded,By,User Type,Seeders,Leechers,Info Hash,Picture,Capture Date
Did You Hear About the Morgans.2009.TS.H264-LTT,201,3,1.35 GiB (1447095605 Bytes),http://www.imdb.com/title/tt1314228/,English,,,1,0,2010-02-04T19:41:54Z,Ltt_01,[V],0,0,75277A7214D530B93EA28F63FBFD0C467B851503,,2012-07-21T00:32:06Z
