Title,Type,Files,Size,IMDB,Spoken Languages,Texted Languages,Tags,Quality (+),Quality (-),Uploaded,By,User Type,Seeders,Leechers,Info Hash,Picture,Capture Date
No Hope for Gomez - The making of a cult classic - pdf ebook,601,1,106.81 KiB (109376 Bytes),,,English,"""comedy"",""making off"",""kindle"",""ebook"",""nonfiction"",""classic""",0,0,2010-05-02T16:02:05Z,Anonymous,,0,0,2CB9E665D26B2843DF7B5D4540A9BFAF1664E4EF,http://image.bayimg.com/namniaace.jpg,2012-07-16T20:17:05Z
