Filename,Size,Unit
/1337x.Org.txt,26,B
/Life Is Hot In Cracktown.2009.DvdRip.Xvid {1337x}-Noir.avi,700.08,M
/Noir.nfo,11.02,K
/Torrent downloaded from Demonoid.com.txt,47,B
