Filename,Size,Unit
08 Stay.mp3,9.25,M
10 Take Me Along.mp3,9.06,M
01 Liberty Walk.mp3,9.02,M
04 Every Rose Has Its Thorn.mp3,8.74,M
11 Robot.mp3,8.66,M
12 My Heart Beats For Love.mp3,8.66,M
09 Scars.mp3,8.65,M
07 Permanent December.mp3,8.58,M
02 Who Owns My Heart.mp3,8.54,M
06 Forgiveness & Love.mp3,8.44,M
05 Two More Lonely People.mp3,8.16,M
03 Can't Be Tamed.mp3,7.83,M
miley_cyrus_cant_be_tamed_2010_retail_cd-back.jpg,380.03,K
miley_cyrus_cant_be_tamed_2010_retail_cd-cd.jpg,353.13,K
miley_cyrus_cant_be_tamed_2010_retail_cd-front.jpg,300.9,K
miley_cyrus_cant_be_tamed_2010_retail_cd-inside.jpg,209.41,K
miley_cyrus_cant_be_tamed_2010_retail_cd-inlay.jpg,172.37,K
Punjabi Tone.jpg,58.72,K
Album Info.nfo,4.1,K
00. Miley Cyrus - www.music.pbtone.com - Can't Be Tamed - www.music.pbtone.com.m3u,1.02,K
00. Miley Cyrus - www.music.pbtone.com - Can't Be Tamed - www.music.pbtone.com.sfv,486,B
Visit us  [music.pbtone.com].nfo,127,B
