Filename,Size,Unit
/Ghost of Frankenstein - Il fantasma di Frankenstein [XviD - Ita Eng Esp].MIRCrew.avi,1.08,G
/Ghost of Frankenstein - Il fantasma di Frankenstein [XviD - Ita Eng Esp].MIRCrew.idx,136.91,K
/Ghost of Frankenstein - Il fantasma di Frankenstein [XviD - Ita Eng Esp].MIRCrew.sub,12.24,M
