Filename,Size,Unit
/433-ll100424zarvrmaehl.ws.pdtv.xvid.avi,278.57,M
/433-ll100424zarvrmaehl.ws.pdtv.xvid.nfo,18.07,K
/433-ll100424zarvrmaehl.ws.pdtv.xvid.sfv,1000,B
/Read This Guide Now.txt,493,B
/www.Torrentday.com.txt,493,B
