Title,Type,Files,Size,IMDB,Spoken Languages,Texted Languages,Tags,Quality (+),Quality (-),Uploaded,By,User Type,Seeders,Leechers,Info Hash,Picture,Capture Date
Forbidden Quest,201,1,821.38 MiB (861284352 Bytes),http://www.imdb.com/title/tt0106945/,English,,"""silent movie"",""Forbidden Quest""",0,0,2009-11-16T22:42:41Z,blackadder3,,1,3,D63C45214871B468CBC9B7CFA39D5B42633E8017,,2012-07-24T19:02:05Z
