Filename,Size,Unit
the.beatles.alone.and.together.1989.dvdrip.xvid.HMV.avi,712.24,M
