Filename,Size,Unit
sebaygo1_TorrentsAndBlogInfo_ver2.pdf,9.33,K
World_Crisis_Radio_2010_11_27__1a.mp3,8.26,M
World_Crisis_Radio_2010_11_27__1b.mp3,8.9,M
World_Crisis_Radio_2010_11_27__2a.mp3,8.22,M
World_Crisis_Radio_2010_11_27__2b.mp3,8.92,M
World_Crisis_Radio_2010_11_27_playlist.fpl,1.87,K
World_Crisis_Radio_2010_11_27_playlist.m3u,156,B
World_Crisis_Radio_2010_11_27_playlist.m3u8,159,B
World_Crisis_Radio_2010_11_27_show_info.txt.nfo,2.42,K
