User Type,Username,Date,Text
,hotlesbianporn,2011-03-21T09:36Z,She sounds like a duck with a blocked nose
,balanced,2011-06-09T02:32Z,...or Amy Winehouse.  Same dif.
,kiwi_ajm,2011-12-26T06:39Z,She is Magnificent! Go Gin.  Thks for the download.
,jesuskindalikesme,2012-06-16T18:15Z,"Could you please upload ""Gravel & Wine"" please ^_^"
