Title,Type,Files,Size,IMDB,Spoken Languages,Texted Languages,Tags,Quality (+),Quality (-),Uploaded,By,User Type,Seeders,Leechers,Info Hash,Picture,Capture Date
"ACT- Laughter, Tears, Rage-ZTT Re-post",101,14,110.45 MiB (115811286 Bytes),,,,,0,0,2010-03-07T09:27:05Z,jack-the-tab,,1,1,A70186972CD93F94BA4532463E453F94EA30E8B3,,2012-07-19T12:41:53Z
