Filename,Size,Unit
Pappu 2010 TC RIP Xvid MP4 Hareesh-Ji @ www.moviejockey.com.avi,688.46,M
