Filename,Size,Unit
/BBC.Wonders.of.the.Solar.System.1of5.Empire.of.the.Sun.Proper.PDTV.XviD.AC3.MVGroup.org.avi,754.66,M
/BBC.Wonders.of.the.Solar.System.2of5.Order.out.of.Chaos.Proper.PDTV.Xvid.AC3.MVGroup.org.avi,753.82,M
/BBC.Wonders.of.the.Solar.System.5of5.Aliens.PDTV.XviD.AC3.MVGroup.org.avi,746.33,M
/BBC.Wonders.of.the.Solar.System.3of5.The.Thin.Blue.Line.PDTV.XviD.AC3.MVGroup.org.avi,746.29,M
/BBC.Wonders.of.the.Solar.System.4of5.Dead.or.Alive.PDTV.XviD.AC3.MVGroup.org.avi,746.29,M
