User Type,Username,Date,Text
,pxndxcarlos,2010-03-31T22:31Z,THnkS.. Post More Rock ALternative
