User Type,Username,Date,Text
,tony4finger,2010-10-27T07:15Z,"look forward for this funy show , many thank's pooloop"
