Title,Type,Files,Size,IMDB,Spoken Languages,Texted Languages,Tags,Quality (+),Quality (-),Uploaded,By,User Type,Seeders,Leechers,Info Hash,Picture,Capture Date
What Really Happened - Sept 24 FR [sebaygo1],199,10,42.83 MiB (44912951 Bytes),,,,"""what really happened"",""mike rivero"",""michael rivero"",""israel"",""iran"",""gaza"",""war"",""debt""",0,0,2010-09-24T23:43:35Z,sebaygo1,[T],0,0,7DE15E7B32C21C541364D3807DF1506505E37385,,2012-07-06T05:11:26Z
