Filename,Size,Unit
/EXTRAS/images/horsemen.jpg,27.9,K
/EXTRAS/images/infowar.jpg,32.48,K
/EXTRAS/images/me.jpg,17.92,K
/EXTRAS/images/serpents.jpg,81.84,K
/EXTRAS/images/unmasked.jpg,45.47,K
/EXTRAS/images/whore_babylon.jpg,83.8,K
/EXTRAS/DVDJacket.jpg,852.91,K
/EXTRAS/Ebooks n Extras.zip,87.97,M
/EXTRAS/Full Disclosure Commentary.mp3,33.48,M
/EXTRAS/Hollywood Insiders.html,50.43,K
/EXTRAS/Michael Wynn and Red Ice Radio.mp3,25.41,M
/VIDEO_TS/VIDEO_TS.BUP,128,K
/VIDEO_TS/VIDEO_TS.IFO,128,K
/VIDEO_TS/VIDEO_TS.VOB,3.5,M
/VIDEO_TS/VTS_01_0.BUP,160,K
/VIDEO_TS/VTS_01_0.IFO,160,K
/VIDEO_TS/VTS_01_1.VOB,976.66,M
/VIDEO_TS/VTS_01_2.VOB,976.77,M
/VIDEO_TS/VTS_01_3.VOB,976.69,M
/VIDEO_TS/VTS_01_4.VOB,976.63,M
/VIDEO_TS/VTS_01_5.VOB,358.22,M
