Filename,Size,Unit
Deal or No Deal.ipa,15.9,M
