Filename,Size,Unit
[Met-Art] Risha A - Elidas [01.07.10 marcco].rar,36.85,M
