Filename,Size,Unit
Mistress Dasha 1.wmv,219.1,M
