Title,Type,Files,Size,IMDB,Spoken Languages,Texted Languages,Tags,Quality (+),Quality (-),Uploaded,By,User Type,Seeders,Leechers,Info Hash,Picture,Capture Date
[CENSORED] Would you like to Sex with me # 1,501,1,1.59 GiB (1710686208 Bytes),,,,,0,0,2010-08-19T13:51:40Z,exmnova,[T],0,0,1A5D8BE48DDCA7EB44789CA66FC88B5AA27C6418,,2012-07-08T01:41:26Z
