Filename,Size,Unit
cic-iwii.avi,698.79,M
