Filename,Size,Unit
/MacGruber 2010 PROPER TS XViD AC3 V2 H264 by Cronus.avi,791.75,M
/Subtitles.rar,132.12,K
/movie release.nfo,722,B
