Title,Type,Files,Size,IMDB,Spoken Languages,Texted Languages,Tags,Quality (+),Quality (-),Uploaded,By,User Type,Seeders,Leechers,Info Hash,Picture,Capture Date
Beethoven-Symphony_Nos._1_&_2_Cleveland_Orchestra-Dohnanyi-FLAC,104,10,221.82 MiB (232596021 Bytes),,,,"""classical"",""symphony"",""Beethoven"",""The Cleveland Orchestra"",""Christop von Dohnanyi""",0,0,2010-02-07T04:17:27Z,aiel1,,1,1,0212385B414CE9E702A8A440B1C59690EDA7BF63,,2012-07-20T22:01:53Z
