Filename,Size,Unit
Coast to Coast - Aug 04 2010 - Hour 3.mp3,13.51,M
Coast to Coast - Aug 04 2010 - Hour 2.mp3,13.41,M
Coast to Coast - Aug 04 2010 - Hour 1.mp3,13.4,M
Coast to Coast - Aug 04 2010 - Hour 4.mp3,12.88,M
Info.txt,2.18,K
