Filename,Size,Unit
Young Frankenstein 1974 DTS BRRip.mkv,8.05,G
