Filename,Size,Unit
MDYD-544.avi,1.1,G
