Filename,Size,Unit
1001 Arabian Nights At The Grand Hotel (Una Mujer Studio)/01.jpg,431.09,K
1001 Arabian Nights At The Grand Hotel (Una Mujer Studio)/09.jpg,425.3,K
1001 Arabian Nights At The Grand Hotel (Una Mujer Studio)/21.jpg,415.72,K
1001 Arabian Nights At The Grand Hotel (Una Mujer Studio)/06.jpg,414.61,K
1001 Arabian Nights At The Grand Hotel (Una Mujer Studio)/03.jpg,410.83,K
1001 Arabian Nights At The Grand Hotel (Una Mujer Studio)/12.jpg,406.2,K
1001 Arabian Nights At The Grand Hotel (Una Mujer Studio)/07.jpg,405.31,K
1001 Arabian Nights At The Grand Hotel (Una Mujer Studio)/08.jpg,401.74,K
1001 Arabian Nights At The Grand Hotel (Una Mujer Studio)/04.jpg,398.76,K
1001 Arabian Nights At The Grand Hotel (Una Mujer Studio)/02.jpg,394.82,K
1001 Arabian Nights At The Grand Hotel (Una Mujer Studio)/13.jpg,394.04,K
1001 Arabian Nights At The Grand Hotel (Una Mujer Studio)/05.jpg,368.45,K
1001 Arabian Nights At The Grand Hotel (Una Mujer Studio)/10.jpg,367.82,K
1001 Arabian Nights At The Grand Hotel (Una Mujer Studio)/11.jpg,358.51,K
1001 Arabian Nights At The Grand Hotel (Una Mujer Studio)/14.jpg,345.4,K
1001 Arabian Nights At The Grand Hotel (Una Mujer Studio)/19.jpg,338.63,K
1001 Arabian Nights At The Grand Hotel (Una Mujer Studio)/15.jpg,338.63,K
1001 Arabian Nights At The Grand Hotel (Una Mujer Studio)/17.jpg,334.3,K
1001 Arabian Nights At The Grand Hotel (Una Mujer Studio)/20.jpg,325.57,K
1001 Arabian Nights At The Grand Hotel (Una Mujer Studio)/18.jpg,317.05,K
1001 Arabian Nights At The Grand Hotel (Una Mujer Studio)/16.jpg,303.97,K
Amsterdamned Nites 1 - Trixie's Story (Kat)/22.jpg,277.47,K
Amsterdamned Nites 1 - Trixie's Story (Kat)/12.jpg,271.53,K
Amsterdamned Nites 1 - Trixie's Story (Kat)/13.jpg,257.3,K
Amsterdamned Nites 1 - Trixie's Story (Kat)/19.jpg,254.68,K
Amsterdamned Nites 1 - Trixie's Story (Kat)/21.jpg,247.22,K
Amsterdamned Nites 1 - Trixie's Story (Kat)/14.jpg,237.67,K
Amsterdamned Nites 1 - Trixie's Story (Kat)/09.jpg,236.46,K
Amsterdamned Nites 1 - Trixie's Story (Kat)/04.jpg,235.57,K
Amsterdamned Nites 1 - Trixie's Story (Kat)/20.jpg,234.84,K
Amsterdamned Nites 1 - Trixie's Story (Kat)/15.jpg,229.12,K
Amsterdamned Nites 1 - Trixie's Story (Kat)/16.jpg,227.35,K
Amsterdamned Nites 1 - Trixie's Story (Kat)/07.jpg,225.69,K
Amsterdamned Nites 1 - Trixie's Story (Kat)/10.jpg,221.53,K
Amsterdamned Nites 1 - Trixie's Story (Kat)/18.jpg,214.25,K
Amsterdamned Nites 1 - Trixie's Story (Kat)/03.jpg,213.15,K
Amsterdamned Nites 1 - Trixie's Story (Kat)/01.jpg,212.05,K
Amsterdamned Nites 1 - Trixie's Story (Kat)/08.jpg,210.3,K
Amsterdamned Nites 1 - Trixie's Story (Kat)/17.jpg,209.87,K
Amsterdamned Nites 1 - Trixie's Story (Kat)/11.jpg,207.68,K
Amsterdamned Nites 1 - Trixie's Story (Kat)/02.jpg,180.48,K
Amsterdamned Nites 1 - Trixie's Story (Kat)/06.jpg,158.2,K
Amsterdamned Nites 1 - Trixie's Story (Kat)/05.jpg,128.82,K
B2B - Boss To Bimbo (Michelle Young)/Boss To Bimbo III - Made to Sissy Maid.pdf,2.27,M
B2B - Boss To Bimbo (Michelle Young)/Boss To Bimbo I.pdf,1.75,M
B2B - Boss To Bimbo (Michelle Young)/Boss To Bimbo II - A Deal Maker.pdf,1.15,M
Blaze's Bond Girl/Blaze's Bond Girl.pdf,2.55,M
"Boy Toy Club, The (Sarath)/The Boy Toy Club 3 __ Madame Jade.pdf",5.19,M
"Boy Toy Club, The (Sarath)/Boy Toy Club 2.pdf",3.31,M
"Boy Toy Club, The (Sarath)/Boy Toy Club 1.pdf",3.28,M
Casa Howhard (Baldazzini)/Casa Howhard - Part 1.pdf,7.1,M
Cassandra Bullcock (Bagliani & Scalzo)/The First Two Episodes/CB1-01.jpg,408.83,K
Cassandra Bullcock (Bagliani & Scalzo)/The First Two Episodes/CB2-01.jpg,399.34,K
Cassandra Bullcock (Bagliani & Scalzo)/The First Two Episodes/CB2-08.jpg,382.79,K
Cassandra Bullcock (Bagliani & Scalzo)/The First Two Episodes/CB2-02.jpg,374.42,K
Cassandra Bullcock (Bagliani & Scalzo)/The First Two Episodes/CB1-03.jpg,372.79,K
Cassandra Bullcock (Bagliani & Scalzo)/The First Two Episodes/CB1-00.jpg,364.28,K
Cassandra Bullcock (Bagliani & Scalzo)/The First Two Episodes/CB2-06.jpg,359.97,K
Cassandra Bullcock (Bagliani & Scalzo)/The First Two Episodes/CB1-04.jpg,356.76,K
Cassandra Bullcock (Bagliani & Scalzo)/The First Two Episodes/CB2-05.jpg,354.06,K
Cassandra Bullcock (Bagliani & Scalzo)/The First Two Episodes/CB2-07.jpg,345.68,K
Cassandra Bullcock (Bagliani & Scalzo)/The First Two Episodes/CB2-03.jpg,339.73,K
Cassandra Bullcock (Bagliani & Scalzo)/The First Two Episodes/CB1-05.jpg,338.07,K
Cassandra Bullcock (Bagliani & Scalzo)/The First Two Episodes/CB2-04.jpg,334.42,K
Cassandra Bullcock (Bagliani & Scalzo)/The First Two Episodes/CB1-06.jpg,333.05,K
Cassandra Bullcock (Bagliani & Scalzo)/The First Two Episodes/CB1-02.jpg,332.94,K
Cassandra Bullcock (Bagliani & Scalzo)/The First Two Episodes/CB1-07.jpg,332.24,K
