Filename,Size,Unit
/My Trojan Mother ~ Tabo0 ~  [RRG]{Brego}(desibbrg.com).avi,699.99,M
/thumbs20100111070752.jpg,459.94,K
