Title,Type,Files,Size,IMDB,Spoken Languages,Texted Languages,Tags,Quality (+),Quality (-),Uploaded,By,User Type,Seeders,Leechers,Info Hash,Picture,Capture Date
Resident Evil Afterlife (iPod.Zune.PSP),206,1,368.55 MiB (386456377 Bytes),http://www.imdb.com/title/tt1220634/,English,,"""Resident Evil Afterlife"",""psp"",""ipod"",""zune"",""h264""",3,0,2010-11-22T21:23:01Z,on.off.on,[T],4,1,43C13BDE545EC94C96F87EBD42BE45A6885DD9CE,http://image.bayimg.com/gapinaack.jpg,2012-07-03T17:39:43Z
