Title,Type,Files,Size,IMDB,Spoken Languages,Texted Languages,Tags,Quality (+),Quality (-),Uploaded,By,User Type,Seeders,Leechers,Info Hash,Picture,Capture Date
Woodman.Casting.X.-.Veronica,506,6,384.64 MiB (403319070 Bytes),,,,,0,0,2010-07-28T08:27:36Z,Rabiner,,2,2,672B761DE7DAFBE4524DC7E986A39D203F1E3E63,,2012-07-09T10:40:13Z
