Filename,Size,Unit
æ±äº¬äºå¤(TOKYO.INCIDENTS).-.[SPA.&.TREATMENT].æ¼å±ä¼.(TVRIP).avi,1.37,G
