Title,Type,Files,Size,IMDB,Spoken Languages,Texted Languages,Tags,Quality (+),Quality (-),Uploaded,By,User Type,Seeders,Leechers,Info Hash,Picture,Capture Date
The People against O'Hara (1951) Spencer Tracy Eng,201,3,904.86 MiB (948818750 Bytes),http://www.imdb.com/title/tt0043914/,English,,"""Film-Noir""",1,0,2010-04-19T15:15:03Z,johnefp,[V],0,0,0179B57DB1877EF4946C14DD7CF34DCCC3078955,,2012-07-17T17:41:08Z
