Title,Type,Files,Size,IMDB,Spoken Languages,Texted Languages,Tags,Quality (+),Quality (-),Uploaded,By,User Type,Seeders,Leechers,Info Hash,Picture,Capture Date
Futanari Insanity Part 4 - Futa Sex Positions,503,105,280.12 MiB (293732286 Bytes),,,,"""futanari"",""hentai""",1,0,2010-01-26T17:55:11Z,Anonymous,,4,3,9443083829927F5B28FA5E9A709DF806FE151605,,2012-07-21T11:43:38Z
