Title,Type,Files,Size,IMDB,Spoken Languages,Texted Languages,Tags,Quality (+),Quality (-),Uploaded,By,User Type,Seeders,Leechers,Info Hash,Picture,Capture Date
VSO Software ConvertXtoDVD v4.1.7.343 -[CyberPiraten],301,2,18.24 MiB (19130545 Bytes),,,,"""VSO Software ConvertXtoDVD v4.""",3,18,2010-11-30T22:41:32Z,Cyberpiraten,[V],0,0,727976EA249781950257AA05E684B847364AA0B7,http://image.bayimg.com/labihaada.jpg,2012-07-03T07:03:38Z
