Filename,Size,Unit
simeons-pounds-and-inches-hcg-diet-audio-book.zip ,159.25,M
