Filename,Size,Unit
/2005 BBC Radio onE essEntial MiX (complete) Set List.rtf,6.31,K
/2005 BBC Radio onE essEntial MiX (complete) Set List.txt,4.38,K
/Essential Mix 592 2005.01.02 - Soulwax.mp3,164.59,M
/Essential Mix 593 2005.01.09 - High Contrast.mp3,164.56,M
/Essential Mix 594 2005.01.16 - Jon O'Bir.mp3,163.98,M
/Essential Mix 595 2005.01.23 - David Guetta.mp3,163.98,M
/Essential Mix 596 2005.01.30 - Pete Heller.mp3,164.68,M
/Essential Mix 597 2005.02.06 - Nic Fanciulli & Pete Tong.mp3,163.43,M
/Essential Mix 598 2005.02.13 - Eddie Halliwell.mp3,162.82,M
/Essential Mix 599 2005.02.20 - Ben Watt.mp3,164.3,M
/Essential Mix 600 2005.02.27 - Krafty Kuts.mp3,164.48,M
/Essential Mix 601 2005.03.06 - Silicone Soul.mp3,163.42,M
/Essential Mix 602 2005.03.13 - Eric Prydz.mp3,164.47,M
/Essential Mix 603 2005.03.20 - Evil 9.mp3,164.51,M
"/Essential Mix 604 2005.03.27 - Desyn Masiello, Gabriel & Dresden, Murk (Live).mp3",246.38,M
/Essential Mix 605 2005.04.03 - Yoji Biomehanika.mp3,164.48,M
/Essential Mix 606 2005.04.10 - Mylo.mp3,164.44,M
"/Essential Mix 607 2005.04.17 - Hernan Cattaneo, Pete Tong, Patife, and Layo & Bushwacka (Live).mp3",244.81,M
/Essential Mix 608 2005.04.24 - DJ Tiesto (Live).mp3,164.41,M
/Essential Mix 609 2005.05.01 - Andy C.mp3,164.05,M
"/Essential Mix 610 2005.05.08 - Chemical Brothers, P Tong, Fergie, D Pearce, J Jules & M Picotto (Live).mp3",456.94,M
/Essential Mix 611 2005.05.15 - Tom Middleton.mp3,164.24,M
/Essential Mix 612 2005.05.22 - Sasha (Live From Maida Vale).mp3,164.18,M
/Essential Mix 613 2005.05.29 - Bob Sinclar.mp3,164.42,M
/Essential Mix 614 2005.06.05 - Tom Neville.mp3,164.39,M
/Essential Mix 615 2005.06.12 - Anne Savage.mp3,164.12,M
/Essential Mix 616 2005.06.19 - Deep Dish.mp3,162.92,M
/Essential Mix 617 2005.06.26 - James Lavelle & Darren Emeson (Live From Glastonbury).mp3,164.54,M
/Essential Mix 618 2005.07.09 - Masters At Work.mp3,163.17,M
/Essential Mix 619 2005.07.10 - Dj Sneak & Richie Hawtin vs Ricardo Villalobos (From T in The Park).mp3,164.98,M
/Essential Mix 620 2005.07.17 - Steve Lawler.mp3,164.02,M
/Essential Mix 621 2005.07.23 - Martin Solveig.mp3,164.32,M
"/Essential Mix 622 2005.07.31 - Pete Tong, Roger Sanchez, Paul van Dyk, John Digweed & Fergie (Live).mp3",411.37,M
/Essential Mix 623 2005.08.07 - DJ Tiesto (Live at Ibiza).mp3,163.49,M
"/Essential Mix 624 2005.08.14 PT 001 - Carl Cox (Live at Space, Ibiza - 1998.08.09 - EM Classics Special).mp3",167.29,M
"/Essential Mix 624 2005.08.14 PT 002 - Eric Morillo, Pete Tong, Above & Beyond, Judge Jules, Laurent Garnier, Deep Dish & Fergie (Live at Space, Ibiza).mp3",555.48,M
/Essential Mix 625 2005.08.21 - Tania Vulcano & Loco Dice (Live).mp3,164.49,M
/Essential Mix 626 2005.08.28 - Wally Lopez.mp3,163.48,M
/Essential Mix 627 2005.09.04 - Murk.mp3,164.14,M
/Essential Mix 628 2005.09.11 - Audio Bullys.mp3,164.18,M
/Essential Mix 629 2005.09.18 - Pendulum.mp3,163.9,M
/Essential Mix 630 2005.09.25 - Steve Angello & Sebastian Ingrosso.mp3,163.95,M
/Essential Mix 631 2005.10.02 - Paul Woolford.mp3,164.18,M
/Essential Mix 632 2005.10.09 - Tidy Boys & Amber D (Live From Tidy Weekender).mp3,164.67,M
/Essential Mix 633 2005.10.16 - Chris Liebing.mp3,164.36,M
/Essential Mix 634 2005.10.23 - Matt Hardwick.mp3,163.75,M
/Essential Mix 635 2005.10.30 - Joey Negro.mp3,162.81,M
/Essential Mix 636 2005.11.06 - M.A.N.D.Y.mp3,163.03,M
/Essential Mix 637 2005.11.13 - Tom Novy.mp3,163.03,M
/Essential Mix 638 2005.11.20 - IE.MERG & C2C (DMC Special).mp3,164.01,M
/Essential Mix 639 2005.11.27 - Rennie Pilgrim.mp3,163.43,M
/Essential Mix 640 2005.12.04 - Erol Alkan.mp3,163.26,M
/Essential Mix 641 2005.12.11 - Shy FX.mp3,163.59,M
/Essential Mix 642 2005.12.18 - DJ Hell.mp3,163.69,M
/Essential Mix 643 2005.12.25 - Danny Rampling.mp3,163.57,M
