Title,Type,Files,Size,IMDB,Spoken Languages,Texted Languages,Tags,Quality (+),Quality (-),Uploaded,By,User Type,Seeders,Leechers,Info Hash,Picture,Capture Date
Steve's Ultimate Boot USB (SUBU),399,16,1.74 GiB (1873456032 Bytes),,,,"""Boot CD"",""Boot USB"",""USB"",""Bootabe"",""Bootable Tools"",""UBCD"",""Hirens Boot CD"",""Hiren"",""KonBoot"",""BackTrack"",""Live CD"",""Live USB"",""Steves Ultimate Boot USB"",""Ultimate Boot USB"",""Boot USB"",""Bootable USB"",""Steve's Ultimate Boot USB"",""Stev""",0,0,2010-01-31T16:48:19Z,stevereevesbiz,,0,0,C18C28D5EA956488611A5ED0A411632D9C997E7E,,2012-07-21T05:37:08Z
