Filename,Size,Unit
/Egyptian Danza - Al DiMeola.wmv,69.56,M
