Filename,Size,Unit
/00. Robert Knight - Love on a Mountain Top.m3u,1.13,K
/00. Robert Knight - Love on a Mountain Top.nfo,1.74,K
/00. Robert Knight - Love on a Mountain Top.sfv,793,B
/A1) Everlasting Love - Robert Knight.flac,18.49,M
"/A2) Somewhere my Love(Lara,s Theme from Dr Zhivago) - Robert Knight.flac",13.42,M
/A3) Sandy - Robert Knight.flac,19.33,M
/A4) The Moment of Truth - Robert Knight.flac,17.2,M
/A5) The Letter - Robert Knight.flac,12.18,M
/A6) Love on a Mountain top - Robert Knight.flac,14.66,M
/B1) My Rainbow Valley - Robert Knight.flac,22.41,M
/B2) Never My Love - Robert Knight.flac,18.17,M
/B3) Rachel the Stranger - Robert Knight.flac,15.43,M
/B4) I cant get over how you got over me - Robert Knight.flac,15.45,M
/B5) The Dance of Love - Robert Knight.flac,11.9,M
/B6) Branded! - Robert Knight.flac,18.28,M
