BUILD: 7601.17105.100929-1730
7601.17105.100929-1730_x86fre_client_en-us_Retail_Ultimate-GRC1CULFRER_EN_DVD.iso
SIZE: 2,553,706,496 byte
SHA1: 4B7BDED6204E1B8F91C2BA8730C6DD40899B5341
MD5: 6CD0E563FAC746DCD479FB9251F1F4FF
CRC: 20E6C38F
NOTE: this original M$ image.
by WZ/ZUKO