Filename,Size,Unit
Basshunter - Saturday.mp3,4.17,M
