Title,Type,Files,Size,IMDB,Spoken Languages,Texted Languages,Tags,Quality (+),Quality (-),Uploaded,By,User Type,Seeders,Leechers,Info Hash,Picture,Capture Date
"Screw Houston, Start Screaming! - EP 2009-2010",101,5,10.97 MiB (11506276 Bytes),,,,"""Hardcore"",""Melodic Hardcore"",""Punk""",0,0,2010-05-02T12:58:45Z,w00tw00tw00t,,0,0,352C37DB0C4F5D7BC9DA7CFD2A642043863D1793,,2012-07-16T20:32:57Z
