Filename,Size,Unit
SGL 3 20090926.rar,340.55,M
