Filename,Size,Unit
/met-art_jg_9_0049.jpg,1.37,M
/met-art_ing_49_0035.jpg,1.32,M
/met-art_jk_02076_0013.jpg,1.26,M
/met-art_ing_49_0031.jpg,1.23,M
/met-art_ing_49_0043.jpg,1.22,M
/met-art_ing_49_0038.jpg,1.21,M
/met-art_ing_59_0043.jpg,1.21,M
/met-art_ing_49_0036.jpg,1.2,M
/met-art_ing_49_0041.jpg,1.2,M
/met-art_ing_49_0010.jpg,1.19,M
/met-art_ing_49_0091.jpg,1.18,M
/met-art_ing_k4000_0008.jpg,1.18,M
/met-art_ing_49_0032.jpg,1.17,M
/met-art_ing_49_0042.jpg,1.17,M
/met-art_ing_49_0066.jpg,1.17,M
/met-art_ing_49_0012.jpg,1.17,M
/met-art_ing_49_0077.jpg,1.16,M
/met-art_ing_49_0055.jpg,1.16,M
/met-art_jk_02076_0112.jpg,1.16,M
/met-art_ing_49_0033.jpg,1.16,M
/met-art_ing_k4000_0013.jpg,1.16,M
/met-art_ing_49_0017.jpg,1.16,M
/met-art_ing_49_0024.jpg,1.15,M
/met-art_jg_9_0005.jpg,1.15,M
/met-art_jk_02076_0003.jpg,1.15,M
/met-art_ing_49_0039.jpg,1.15,M
/met-art_ing_49_0081.jpg,1.14,M
/met-art_ing_49_0082.jpg,1.14,M
/met-art_jk_02076_0107.jpg,1.14,M
/met-art_ing_49_0023.jpg,1.14,M
/met-art_jk_02076_0014.jpg,1.14,M
/met-art_ing_49_0047.jpg,1.14,M
/met-art_ing_49_0025.jpg,1.13,M
/met-art_ing_49_0013.jpg,1.13,M
/met-art_ing_49_0071.jpg,1.13,M
/met-art_ing_k4000_0004.jpg,1.13,M
/met-art_ing_49_0027.jpg,1.13,M
/met-art_ing_49_0004.jpg,1.13,M
/met-art_jk_02076_0111.jpg,1.13,M
/met-art_jk_02076_0001.jpg,1.12,M
/met-art_ing_49_0087.jpg,1.12,M
/met-art_ing_49_0034.jpg,1.12,M
/met-art_ing_49_0095.jpg,1.12,M
/met-art_ing_49_0028.jpg,1.12,M
/met-art_jk_02076_0008.jpg,1.12,M
/met-art_ing_49_0037.jpg,1.12,M
/met-art_ing_cuddle_0092.jpg,1.12,M
/met-art_ing_49_0085.jpg,1.11,M
/met-art_ing_49_0029.jpg,1.11,M
/met-art_ing_49_0061.jpg,1.11,M
/met-art_ing_49_0011.jpg,1.11,M
/met-art_ing_duetto_0085.jpg,1.11,M
/met-art_ing_49_0020.jpg,1.11,M
/met-art_ing_49_0007.jpg,1.11,M
/met-art_ing_k4000_0032.jpg,1.11,M
/met-art_ing_cuddle_0051.jpg,1.11,M
/met-art_ing_49_0079.jpg,1.1,M
/met-art_ing_49_0060.jpg,1.1,M
/met-art_jk_02076_0106.jpg,1.1,M
/met-art_ing_49_0048.jpg,1.1,M
/met-art_jk_02076_0007.jpg,1.09,M
/met-art_ing_49_0046.jpg,1.09,M
/met-art_ing_k4000_0038.jpg,1.09,M
/met-art_ing_k4000_0009.jpg,1.09,M
/met-art_ing_49_0056.jpg,1.09,M
/met-art_ing_49_0018.jpg,1.09,M
/met-art_ing_49_0086.jpg,1.08,M
/met-art_jk_02076_0002.jpg,1.08,M
/met-art_ing_49_0044.jpg,1.08,M
/met-art_jk_02076_0004.jpg,1.08,M
/met-art_jk_02076_0015.jpg,1.08,M
/met-art_ing_49_0069.jpg,1.07,M
/met-art_ing_49_0003.jpg,1.07,M
/met-art_ing_03205_0120.jpg,1.07,M
/met-art_ing_49_0098.jpg,1.07,M
/met-art_ing_49_0008.jpg,1.07,M
/met-art_ing_49_0094.jpg,1.07,M
/met-art_ing_49_0054.jpg,1.06,M
/met-art_ing_03205_0027.jpg,1.06,M
/met-art_ing_49_0083.jpg,1.06,M
/met-art_ing_49_0057.jpg,1.06,M
/met-art_ing_49_0030.jpg,1.06,M
/met-art_ing_49_0015.jpg,1.06,M
/met-art_ing_49_0000.jpg,1.06,M
/met-art_ing_k4000_0039.jpg,1.05,M
/met-art_jk_02076_0016.jpg,1.05,M
/met-art_ing_49_0078.jpg,1.05,M
/met-art_ing_49_0096.jpg,1.05,M
/met-art_ing_49_0063.jpg,1.05,M
/met-art_ing_k4000_0035.jpg,1.05,M
/met-art_ing_49_0006.jpg,1.05,M
/met-art_ing_cuddle_0076.jpg,1.05,M
/met-art_jg_9_0008.jpg,1.05,M
/met-art_ing_49_0040.jpg,1.05,M
/met-art_jk_02076_0156.jpg,1.05,M
/met-art_ing_duetto_0075.jpg,1.05,M
/met-art_ing_k4000_0012.jpg,1.05,M
/met-art_ing_49_0049.jpg,1.04,M
/met-art_ing_49_0072.jpg,1.04,M
/met-art_ing_duetto_0090.jpg,1.04,M
/met-art_jk_02076_0155.jpg,1.04,M
/met-art_ing_03205_0077.jpg,1.04,M
/met-art_ing_duetto_0016.jpg,1.04,M
/met-art_ing_58_0056.jpg,1.04,M
/met-art_ing_duetto_0068.jpg,1.04,M
/met-art_ing_k4000_0006.jpg,1.04,M
/met-art_ing_duetto_0048(1).jpg,1.04,M
/met-art_ing_duetto_0037.jpg,1.04,M
/met-art_jg_9_0051.jpg,1.04,M
/met-art_ing_duetto_0066.jpg,1.04,M
/met-art_ing_cuddle_0096.jpg,1.03,M
/met-art_ing_49_0068.jpg,1.03,M
/met-art_ing_k4000_0029.jpg,1.03,M
/met-art_ing_duetto_0060.jpg,1.03,M
/met-art_ing_49_0090.jpg,1.03,M
/met-art_ing_49_0084.jpg,1.03,M
/met-art_ing_58_0042.jpg,1.03,M
/met-art_ing_duetto_0003(1).jpg,1.03,M
/met-art_ing_49_0093.jpg,1.03,M
/met-art_jk_02076_0157.jpg,1.03,M
/met-art_ing_duetto_0041(1).jpg,1.03,M
/met-art_ing_k4000_0022.jpg,1.03,M
/met-art_ing_duetto_0014(1).jpg,1.03,M
/met-art_ing_k4000_0001.jpg,1.03,M
/met-art_ing_duetto_0018.jpg,1.03,M
/met-art_ing_cuddle_0066.jpg,1.02,M
/met-art_ing_duetto_0032.jpg,1.02,M
/met-art_ing_49_0097.jpg,1.02,M
/met-art_ing_duetto_0047.jpg,1.02,M
/met-art_ing_49_0009.jpg,1.02,M
/met-art_ing_duetto_0087.jpg,1.02,M
/met-art_ing_duetto_0031(1).jpg,1.01,M
/met-art_jk_02076_0119.jpg,1.01,M
/met-art_ing_cuddle_0038.jpg,1.01,M
/met-art_ing_duetto_0017(1).jpg,1.01,M
/met-art_ing_49_0074.jpg,1.01,M
/met-art_ing_duetto_0004(1).jpg,1.01,M
/met-art_jk_02076_0159.jpg,1.01,M
/met-art_jk_02076_0012.jpg,1.01,M
/met-art_ing_duetto_0094.jpg,1.01,M
/met-art_ing_k4000_0034.jpg,1.01,M
/met-art_ing_duetto_0093.jpg,1.01,M
/met-art_ing_49_0070.jpg,1.01,M
/met-art_ing_duetto_0089.jpg,1.01,M
/met-art_ing_duetto_0078(1).jpg,1.01,M
/met-art_ing_58_0054.jpg,1.01,M
/met-art_ing_49_0045.jpg,1.01,M
/met-art_ing_49_0022.jpg,1.01,M
/met-art_ing_cuddle_0083.jpg,1.01,M
/met-art_ing_cuddle_0100.jpg,1,M
/met-art_ing_duetto_0053(1).jpg,1,M
/met-art_ing_duetto_0091.jpg,1,M
/met-art_ing_03205_0025.jpg,1,M
/met-art_ing_duetto_0049(1).jpg,1,M
/met-art_jg_9_0006.jpg,1,M
/met-art_ing_49_0051.jpg,1,M
/met-art_jk_02076_0018.jpg,1,M
/met-art_ing_duetto_0043.jpg,1,M
/met-art_ing_duetto_0069.jpg,1,M
/met-art_ing_k4000_0023.jpg,1,M
/met-art_ing_duetto_0030.jpg,1,M
/met-art_jk_02076_0017.jpg,1,M
/met-art_ing_duetto_0040.jpg,1,M
/met-art_ing_duetto_0079(1).jpg,1,M
/met-art_ing_03205_0098.jpg,1,M
/met-art_ing_49_0026.jpg,1023.94,K
/met-art_ing_duetto_0054.jpg,1023.69,K
/met-art_ing_k4000_0018.jpg,1023.68,K
/met-art_ing_k4000_0033.jpg,1023.33,K
/met-art_ing_49_0089.jpg,1023.04,K
/met-art_jk_02076_0009.jpg,1022.24,K
/met-art_ing_duetto_0005(1).jpg,1019.36,K
/met-art_ing_cuddle_0097.jpg,1019.27,K
/met-art_ing_58_0023.jpg,1018.33,K
/met-art_ing_k4000_0020.jpg,1018.01,K
/met-art_ing_cuddle_0040.jpg,1017.24,K
/met-art_jk_02076_0158.jpg,1016.9,K
/met-art_ing_duetto_0092.jpg,1016.04,K
/met-art_ing_k4000_0030.jpg,1015.13,K
/met-art_ing_cuddle_0059.jpg,1014.07,K
/met-art_ing_58_0032.jpg,1013.66,K
/met-art_ing_cuddle_0064.jpg,1012.92,K
/met-art_ing_49_0050.jpg,1012.61,K
/met-art_ing_49_0002.jpg,1012.12,K
/met-art_ing_duetto_0056.jpg,1011.72,K
/met-art_ing_03205_0094.jpg,1010.63,K
/met-art_ing_03205_0104.jpg,1010.54,K
/met-art_ing_duetto_0009(1).jpg,1009.06,K
/met-art_ing_49_0092.jpg,1008.77,K
/met-art_ing_duetto_0077.jpg,1008.67,K
/met-art_ing_49_0053.jpg,1008.59,K
/met-art_ing_duetto_0059.jpg,1007.85,K
/met-art_ing_cuddle_0086.jpg,1007.01,K
/met-art_jg_9_0061.jpg,1005.74,K
/met-art_ing_03205_0023.jpg,1005.56,K
/met-art_ing_03205_0115.jpg,1005.33,K
/met-art_ing_duetto_0015(1).jpg,1005.09,K
/met-art_ing_duetto_0052(1).jpg,1003.54,K
/met-art_ing_58_0024.jpg,1002.62,K
/met-art_ing_duetto_0035.jpg,1002.38,K
/met-art_ing_03205_0116.jpg,1002.22,K
/met-art_ing_duetto_0045.jpg,1002.18,K
/met-art_ing_49_0058.jpg,1001.63,K
/met-art_ing_duetto_0098.jpg,998.88,K
/met-art_ing_cuddle_0060.jpg,998.02,K
/met-art_ing_k4000_0015.jpg,997.87,K
/met-art_ing_49_0021.jpg,997.83,K
/met-art_jk_02076_0025.jpg,997.04,K
/met-art_ing_duetto_0076.jpg,996.71,K
/met-art_ing_cuddle_0091.jpg,996.13,K
/met-art_ing_k4000_0040.jpg,995.83,K
/met-art_ing_58_0045.jpg,995.82,K
/met-art_ing_duetto_0086.jpg,995.71,K
/met-art_ing_58_0079.jpg,995.38,K
/met-art_ing_58_0025.jpg,995.33,K
/met-art_ing_k4000_0026.jpg,995.15,K
/met-art_ing_duetto_0080.jpg,993.52,K
/met-art_ing_58_0060.jpg,992.3,K
/met-art_ing_58_0077.jpg,991.92,K
/met-art_ing_cuddle_0045.jpg,991.75,K
/met-art_ing_k4000_0037.jpg,991.7,K
/met-art_ing_58_0034.jpg,990.89,K
/met-art_ing_49_0016.jpg,988.2,K
/met-art_jk_02076_0056.jpg,987.64,K
/met-art_ing_03205_0117.jpg,987.52,K
/met-art_ing_cuddle_0030.jpg,987.33,K
/met-art_ing_58_0038.jpg,987.15,K
/met-art_ing_58_0050.jpg,986.11,K
/met-art_ing_58_0048.jpg,983.78,K
/met-art_ing_58_0066.jpg,983.68,K
/met-art_ing_49_0014.jpg,983.4,K
/met-art_ing_k4000_0005.jpg,983.39,K
/met-art_ing_58_0057.jpg,982.71,K
/met-art_ing_duetto_0025(1).jpg,982.5,K
/met-art_ing_03205_0017.jpg,981.91,K
/met-art_jk_02076_0163.jpg,981.89,K
/met-art_ing_58_0030.jpg,981.8,K
/met-art_ing_duetto_0034.jpg,981.14,K
/met-art_ing_duetto_0063.jpg,981.1,K
/met-art_ing_cuddle_0062.jpg,980.76,K
/met-art_ing_k4000_0002.jpg,980.72,K
/met-art_ing_58_0068.jpg,980.16,K
/met-art_ing_duetto_0011(1).jpg,979.82,K
/met-art_ing_58_0039.jpg,979.18,K
/met-art_ing_58_0036.jpg,978.14,K
/met-art_ing_49_0073.jpg,977.9,K
/met-art_ing_58_0013.jpg,977.45,K
/met-art_ing_duetto_0019(1).jpg,976.47,K
/met-art_ing_03205_0089.jpg,974.53,K
/met-art_ing_58_0006.jpg,974.22,K
/met-art_ing_duetto_0081.jpg,973.7,K
/met-art_ing_58_0071.jpg,973.06,K
/met-art_ing_k4000_0028.jpg,972.45,K
/met-art_ing_58_0020.jpg,972.29,K
/met-art_ing_49_0075.jpg,971.39,K
/met-art_ing_58_0078.jpg,971.34,K
/met-art_ing_03205_0090.jpg,971.02,K
/met-art_ing_duetto_0012(1).jpg,970.52,K
/met-art_ing_58_0041.jpg,970.2,K
/met-art_ing_k4000_0003.jpg,968.94,K
/met-art_ing_58_0061.jpg,968.62,K
/met-art_ing_duetto_0065(1).jpg,968.31,K
/met-art_ing_k4000_0019.jpg,968.26,K
/met-art_ing_58_0009.jpg,967.69,K
/met-art_ing_duetto_0029.jpg,966.96,K
/met-art_ing_03205_0016.jpg,965.85,K
/met-art_ing_03205_0114.jpg,965.5,K
/met-art_ing_58_0044.jpg,965.22,K
/met-art_jk_02076_0160.jpg,965.19,K
/met-art_ing_k4000_0007.jpg,964.06,K
/met-art_ing_03205_0012.jpg,964.04,K
/met-art_ing_49_0065.jpg,963.98,K
/met-art_ing_58_0022.jpg,963.74,K
/met-art_ing_cuddle_0002.jpg,963.19,K
/met-art_ing_k4000_0024.jpg,963.07,K
/met-art_jk_02076_0020.jpg,961.98,K
/met-art_ing_58_0063.jpg,961.87,K
/met-art_ing_58_0080.jpg,961.67,K
/met-art_ing_cuddle_0094.jpg,961.06,K
/met-art_jk_02076_0100.jpg,960.1,K
/met-art_ing_cuddle_0003.jpg,960,K
/met-art_ing_49_0099.jpg,959.98,K
/met-art_ing_03205_0072.jpg,959.91,K
/met-art_jk_02076_0049.jpg,959.81,K
/met-art_ing_58_0012.jpg,959.78,K
/met-art_ing_duetto_0058.jpg,959.36,K
/met-art_ing_58_0016.jpg,958.8,K
/met-art_ing_49_0080.jpg,958.54,K
/met-art_ing_58_0067.jpg,958.43,K
/met-art_ing_03205_0102.jpg,957.77,K
/met-art_ing_duetto_0013(1).jpg,957.65,K
/met-art_ing_duetto_0027.jpg,957.19,K
/met-art_ing_k4000_0017.jpg,956.56,K
/met-art_ing_58_0064.jpg,955.59,K
/met-art_ing_cuddle_0027.jpg,955.57,K
/met-art_ing_58_0076.jpg,955.15,K
/met-art_ing_58_0062.jpg,954.58,K
/met-art_ing_58_0047.jpg,953.74,K
/met-art_ing_duetto_0074.jpg,953.44,K
/met-art_ing_03205_0110.jpg,953.34,K
/met-art_jk_02076_0024.jpg,952.47,K
/met-art_ing_58_0033.jpg,951.83,K
/met-art_ing_58_0037.jpg,951.25,K
/met-art_ing_58_0095.jpg,951.2,K
/met-art_ing_58_0002.jpg,951.07,K
/met-art_ing_k4000_0021.jpg,950.65,K
/met-art_ing_49_0005.jpg,948.99,K
/met-art_ing_58_0017.jpg,948.78,K
/met-art_ing_58_0031.jpg,948.63,K
/met-art_ing_58_0029.jpg,948.21,K
/met-art_ing_03205_0129.jpg,948.1,K
/met-art_ing_58_0089.jpg,947.6,K
/met-art_ing_duetto_0099.jpg,947.4,K
/met-art_ing_58_0027.jpg,946.28,K
/met-art_ing_k4000_0014.jpg,945.85,K
/met-art_jk_02076_0006.jpg,945.74,K
/met-art_ing_49_0088.jpg,945.49,K
/met-art_ing_k4000_0010.jpg,944.88,K
/met-art_ing_cuddle_0090.jpg,944.83,K
/met-art_ing_58_0028.jpg,944.63,K
/met-art_ing_cuddle_0026.jpg,944.48,K
/met-art_jk_02076_0099.jpg,944.34,K
/met-art_ing_58_0026.jpg,943.99,K
/met-art_ing_58_0046.jpg,943.04,K
/met-art_jk_02076_0110.jpg,941.91,K
/met-art_jk_02076_0023.jpg,941.7,K
/met-art_ing_03205_0030.jpg,941.06,K
/met-art_ing_49_0001.jpg,940.03,K
/met-art_ing_58_0011.jpg,938.94,K
/met-art_ing_58_0087.jpg,938.65,K
/met-art_ing_03205_0093.jpg,938.32,K
/met-art_ing_cuddle_0004.jpg,938.07,K
/met-art_ing_cuddle_0078.jpg,938.04,K
/met-art_jk_02076_0019.jpg,937.89,K
/met-art_ing_cuddle_0073.jpg,937.58,K
/met-art_ing_58_0019.jpg,935.84,K
/met-art_ing_cuddle_0063.jpg,935.34,K
/met-art_ing_duetto_0001(1).jpg,935.34,K
/met-art_ing_58_0075.jpg,935.22,K
/met-art_ing_03205_0064.jpg,934.85,K
/met-art_ing_58_0014.jpg,934.84,K
/met-art_ing_03205_0075.jpg,934.53,K
/met-art_jk_02076_0053.jpg,934.23,K
/met-art_ing_58_0005.jpg,933.65,K
/met-art_ing_cuddle_0098.jpg,933.1,K
/met-art_jk_02076_0021.jpg,932.85,K
/met-art_ing_58_0069.jpg,932.35,K
/met-art_ing_58_0092.jpg,931.27,K
/met-art_ing_k4000_0011.jpg,931.11,K
/met-art_ing_duetto_0039(1).jpg,930.91,K
/met-art_jk_02076_0164.jpg,930.84,K
/met-art_ing_cuddle_0001.jpg,930.14,K
/met-art_ing_duetto_0046.jpg,929.66,K
/met-art_ing_cuddle_0080.jpg,929.33,K
/met-art_jk_02076_0039.jpg,929.08,K
/met-art_ing_03205_0128.jpg,928.93,K
/met-art_jk_02076_0010.jpg,928.55,K
/met-art_ing_58_0085.jpg,928.22,K
/met-art_jk_02076_0098.jpg,927.15,K
/met-art_jk_02076_0022.jpg,925.76,K
/met-art_ing_58_0058.jpg,925.73,K
/met-art_ing_03205_0047.jpg,924.97,K
/met-art_ing_03205_0053.jpg,924.7,K
/met-art_ing_03205_0127.jpg,923.84,K
/met-art_ing_58_0008.jpg,923.34,K
/met-art_ing_49_0052.jpg,921.99,K
/met-art_ing_duetto_0026.jpg,921.74,K
/met-art_ing_03205_0061.jpg,921.72,K
/met-art_ing_58_0001.jpg,920.53,K
/met-art_ing_49_0059.jpg,920.33,K
/met-art_ing_01226_0018.jpg,919.9,K
/met-art_ing_58_0021.jpg,919.86,K
/met-art_ing_58_0049.jpg,919.67,K
/met-art_ing_03205_0021.jpg,919.14,K
/met-art_ing_cuddle_0089.jpg,918.6,K
/met-art_ing_58_0007.jpg,918.58,K
/met-art_ing_58_0043.jpg,918.58,K
/met-art_ing_cuddle_0029.jpg,918.44,K
/met-art_ing_58_0097.jpg,917.84,K
/met-art_ing_cuddle_0084.jpg,917.78,K
/met-art_jk_02076_0101.jpg,917.32,K
/met-art_ing_cuddle_0081.jpg,916.97,K
/met-art_ing_03205_0106.jpg,916.93,K
/met-art_ing_01226_0016.jpg,916.83,K
/met-art_ing_cuddle_0071.jpg,916.31,K
/met-art_ing_k4000_0031.jpg,915.77,K
/met-art_ing_cuddle_0039.jpg,914.94,K
/met-art_jk_02076_0005.jpg,914.11,K
/met-art_ing_03205_0051.jpg,913.81,K
/met-art_jk_02076_0047.jpg,913.41,K
/met-art_jk_02076_0131.jpg,913.14,K
/met-art_ing_58_0073.jpg,912.66,K
/met-art_ing_58_0053.jpg,911.03,K
/met-art_ing_k4000_0027.jpg,910.82,K
/met-art_ing_58_0059.jpg,910.04,K
/met-art_jk_02076_0054.jpg,909.97,K
/met-art_ing_cuddle_0058.jpg,909.07,K
/met-art_ing_cuddle_0034.jpg,908.35,K
/met-art_ing_03205_0019.jpg,908.06,K
/met-art_ing_58_0086.jpg,907.9,K
/met-art_ing_cuddle_0021.jpg,907.56,K
/met-art_ing_58_0035.jpg,907.53,K
/met-art_ing_03205_0076.jpg,907.33,K
/met-art_ing_03205_0119.jpg,907.15,K
/met-art_ing_duetto_0038.jpg,906.67,K
/met-art_ing_03205_0118.jpg,906.64,K
/met-art_ing_58_0018.jpg,906.36,K
/met-art_ing_duetto_0057.jpg,906.2,K
/met-art_jk_02076_0055.jpg,905.8,K
/met-art_ing_cuddle_0016.jpg,904.7,K
/met-art_ing_58_0010.jpg,904.34,K
/met-art_ing_58_0090.jpg,903.76,K
/met-art_ing_58_0081.jpg,903.14,K
/met-art_ing_duetto_0061.jpg,902.61,K
/met-art_ing_58_0096.jpg,901.38,K
/met-art_ing_03205_0006.jpg,901.19,K
/met-art_ing_cuddle_0099.jpg,901.15,K
/met-art_ing_58_0094.jpg,900.66,K
/met-art_ing_03205_0004.jpg,900.33,K
/met-art_ing_03205_0005.jpg,899.28,K
/met-art_ing_cuddle_0023.jpg,898.73,K
/met-art_ing_cuddle_0054.jpg,898.34,K
/met-art_jk_02076_0036.jpg,898.03,K
/met-art_ing_58_0055.jpg,897.99,K
/met-art_ing_03205_0123.jpg,897.85,K
/met-art_jk_02076_0118.jpg,897.84,K
/met-art_jk_02076_0120.jpg,896.98,K
/met-art_ing_k4000_0036.jpg,896.98,K
/met-art_ing_03205_0088.jpg,896.93,K
/met-art_ing_58_0084.jpg,896.61,K
/met-art_ing_03205_0024.jpg,895.94,K
/met-art_ing_58_0052.jpg,894.81,K
/met-art_ing_49_0019.jpg,894.64,K
/met-art_ing_03205_0101.jpg,894.24,K
/met-art_ing_k4000_0016.jpg,893.84,K
/met-art_jk_02076_0048.jpg,893.65,K
/met-art_ing_cuddle_0020.jpg,893.63,K
/met-art_ing_58_0098.jpg,893.04,K
/met-art_ing_58_0072.jpg,892.11,K
/met-art_ing_58_0082.jpg,891.95,K
/met-art_ing_03205_0095.jpg,891.87,K
/met-art_jk_02076_0115.jpg,891.82,K
/met-art_ing_58_0065.jpg,891.6,K
/met-art_ing_03205_0109.jpg,891.24,K
/met-art_ing_03205_0087.jpg,890.07,K
/met-art_jk_02076_0104.jpg,889.52,K
/met-art_ing_58_0070.jpg,888.96,K
/met-art_ing_cuddle_0079.jpg,888.93,K
/met-art_ing_58_0004.jpg,888.76,K
/met-art_ing_49_0067.jpg,888.18,K
/met-art_ing_cuddle_0042.jpg,887.68,K
/met-art_ing_58_0093.jpg,887.32,K
/met-art_ing_cuddle_0072.jpg,887.2,K
/met-art_ing_03205_0040.jpg,887.13,K
/met-art_ing_duetto_0073.jpg,887.06,K
/met-art_jk_02076_0114.jpg,886.58,K
/met-art_ing_03205_0103.jpg,886.43,K
/met-art_ing_58_0091.jpg,886.32,K
/met-art_ing_cuddle_0053.jpg,885.69,K
/met-art_ing_cuddle_0088.jpg,884.87,K
/met-art_ing_03205_0041.jpg,884.52,K
/met-art_ing_cuddle_0008.jpg,884.46,K
/met-art_ing_58_0003.jpg,883.98,K
/met-art_ing_03205_0031.jpg,883.93,K
/met-art_ing_58_0015.jpg,883.15,K
/met-art_ing_58_0040.jpg,882.76,K
/met-art_ing_49_0064.jpg,882.33,K
/met-art_jk_02076_0041.jpg,882.21,K
/met-art_ing_cuddle_0052.jpg,880.75,K
/met-art_ing_cuddle_0033.jpg,879.61,K
/met-art_ing_03205_0026.jpg,879.48,K
/met-art_ing_cuddle_0047.jpg,879.45,K
/met-art_ing_58_0074.jpg,878.59,K
/met-art_ing_cuddle_0009.jpg,878.45,K
/met-art_ing_cuddle_0043.jpg,877.01,K
/met-art_ing_cuddle_0087.jpg,876.24,K
/met-art_ing_03205_0029.jpg,876.11,K
/met-art_ing_cuddle_0046.jpg,875.91,K
/met-art_jk_02076_0162.jpg,875.9,K
/met-art_ing_cuddle_0022.jpg,875.57,K
/met-art_ing_cuddle_0061.jpg,874.86,K
/met-art_ing_cuddle_0093.jpg,874.48,K
/met-art_ing_03205_0112.jpg,874.2,K
/met-art_jk_02076_0117.jpg,874.19,K
/met-art_ing_58_0088.jpg,874.03,K
/met-art_ing_03205_0066.jpg,873.66,K
/met-art_ing_duetto_0036.jpg,873.53,K
/met-art_ing_duetto_0021(1).jpg,872.88,K
/met-art_ing_03205_0113.jpg,872.27,K
/met-art_ing_03205_0022.jpg,872.14,K
/met-art_ing_03205_0052.jpg,870.88,K
/met-art_ing_58_0051.jpg,868.85,K
/met-art_ing_cuddle_0074.jpg,868.5,K
/met-art_ing_03205_0067.jpg,867.99,K
/met-art_ing_03205_0032.jpg,867.97,K
/met-art_ing_cuddle_0025.jpg,867,K
/met-art_ing_duetto_0071.jpg,865.56,K
/met-art_ing_03205_0100.jpg,864.61,K
/met-art_ing_03205_0097.jpg,861.6,K
/met-art_ing_cuddle_0055.jpg,861.05,K
/met-art_ing_cuddle_0041.jpg,860.45,K
/met-art_ing_03205_0008.jpg,859.74,K
/met-art_ing_03205_0091.jpg,859.12,K
/met-art_ing_cuddle_0007.jpg,857.93,K
/met-art_jg_9_0039.jpg,857.41,K
/met-art_ing_03205_0069.jpg,856.14,K
/met-art_ing_cuddle_0070.jpg,855.68,K
/met-art_ing_03205_0037.jpg,854.59,K
/met-art_ing_03205_0074.jpg,854.56,K
/met-art_ing_cuddle_0005.jpg,854.38,K
/met-art_ing_03205_0073.jpg,853.99,K
/met-art_jk_02076_0166.jpg,853.71,K
/met-art_ing_03205_0070.jpg,853.63,K
/met-art_ing_cuddle_0077.jpg,853.51,K
/met-art_ing_03205_0042.jpg,853.38,K
/met-art_jg_9_0036.jpg,852.9,K
/met-art_ing_03205_0013.jpg,852.88,K
/met-art_ing_cuddle_0032.jpg,852.58,K
/met-art_ing_58_0083.jpg,852.5,K
/met-art_ing_03205_0054.jpg,852.21,K
/met-art_ing_03205_0011.jpg,852.08,K
/met-art_ing_cuddle_0028.jpg,851.33,K
/met-art_ing_cuddle_0095.jpg,849.11,K
/met-art_ing_03205_0033.jpg,848.93,K
/met-art_ing_cuddle_0031.jpg,848.79,K
/met-art_ing_03205_0059.jpg,848.42,K
/met-art_ing_03205_0099.jpg,848.28,K
/met-art_ing_duetto_0022(1).jpg,848.18,K
/met-art_ing_cuddle_0014.jpg,847.69,K
/met-art_ing_duetto_0055.jpg,847.48,K
/met-art_ing_cuddle_0082.jpg,847.36,K
/met-art_ing_cuddle_0085.jpg,847.16,K
/met-art_ing_03205_0096.jpg,847.08,K
/met-art_ing_03205_0020.jpg,846.87,K
/met-art_jk_02076_0165.jpg,846.29,K
/met-art_ing_cuddle_0036.jpg,844.62,K
/met-art_ing_03205_0056.jpg,843.94,K
/met-art_ing_duetto_0067.jpg,843.51,K
/met-art_ing_cuddle_0057.jpg,843.02,K
/met-art_ing_cuddle_0017.jpg,842.09,K
/met-art_ing_cuddle_0013.jpg,842,K
/met-art_ing_03205_0045.jpg,841.99,K
/met-art_ing_cuddle_0044.jpg,841.69,K
/met-art_ing_03205_0007.jpg,841.19,K
/met-art_ing_cuddle_0035.jpg,840.21,K
/met-art_ing_duetto_0082.jpg,840.1,K
/met-art_ing_duetto_0070.jpg,839.89,K
/met-art_ing_03205_0028.jpg,838.9,K
/met-art_ing_duetto_0095.jpg,838.54,K
/met-art_ing_cuddle_0065.jpg,838.34,K
/met-art_ing_03205_0009.jpg,837.22,K
/met-art_ing_03205_0046.jpg,837.17,K
/met-art_jk_02076_0105.jpg,836.66,K
/met-art_ing_duetto_0100.jpg,836.44,K
/met-art_ing_cuddle_0018.jpg,836.08,K
/met-art_jk_02076_0037.jpg,834.15,K
/met-art_ing_03205_0057.jpg,834.05,K
/met-art_ing_03205_0039.jpg,832.79,K
/met-art_ing_duetto_0028(1).jpg,832.36,K
/met-art_jk_02076_0095.jpg,831.53,K
/met-art_ing_duetto_0008.jpg,831.5,K
/met-art_ing_cuddle_0010.jpg,831.12,K
/met-art_jk_02076_0030.jpg,830.97,K
/met-art_ing_cuddle_0024.jpg,830.61,K
/met-art_ing_cuddle_0069.jpg,830.51,K
/met-art_ing_duetto_0023(1).jpg,829.82,K
/met-art_ing_cuddle_0006.jpg,829.09,K
/met-art_ing_duetto_0024(1).jpg,828.93,K
/met-art_ing_cuddle_0048.jpg,828.74,K
/met-art_ing_duetto_0020(1).jpg,828.4,K
/met-art_ing_cuddle_0015.jpg,827.07,K
/met-art_ing_duetto_0042.jpg,826.13,K
/met-art_ing_cuddle_0067.jpg,825.95,K
/met-art_ing_03205_0126.jpg,825.82,K
/met-art_ing_03205_0105.jpg,825.58,K
/met-art_ing_03205_0063.jpg,825.47,K
/met-art_ing_03205_0111.jpg,824.68,K
/met-art_jk_02076_0096.jpg,823.71,K
/met-art_jk_02076_0170.jpg,823.64,K
/met-art_ing_03205_0125.jpg,823.5,K
/met-art_jk_02076_0011.jpg,823.38,K
/met-art_ing_duetto_0050.jpg,823,K
/met-art_ing_duetto_0033(1).jpg,822.55,K
/met-art_jk_02076_0051.jpg,820.54,K
/met-art_ing_03205_0108.jpg,820.47,K
/met-art_jk_02076_0097.jpg,820.34,K
/met-art_ing_cuddle_0049.jpg,819.19,K
/met-art_ing_03205_0060.jpg,819.03,K
/met-art_jk_02076_0058.jpg,818.96,K
/met-art_ing_03205_0092.jpg,818.92,K
/met-art_ing_duetto_0072.jpg,818.25,K
/met-art_jk_02076_0046.jpg,817.26,K
/met-art_jk_02076_0161.jpg,816.88,K
/met-art_ing_duetto_0044.jpg,815.39,K
/met-art_jk_02076_0038.jpg,815.22,K
/met-art_ing_cuddle_0037.jpg,814.65,K
/met-art_ing_03205_0055.jpg,814.56,K
/met-art_ing_cuddle_0075.jpg,814.3,K
/met-art_jk_02076_0091.jpg,813.26,K
/met-art_ing_duetto_0088.jpg,812.15,K
/met-art_ing_03205_0121.jpg,812.06,K
/met-art_ing_03205_0035.jpg,811.55,K
/met-art_ing_03205_0015.jpg,809.71,K
/met-art_ing_03205_0050.jpg,809.69,K
/met-art_ing_cuddle_0068.jpg,809.45,K
/met-art_ing_03205_0010.jpg,809.24,K
/met-art_jk_02076_0167.jpg,808.09,K
/met-art_ing_duetto_0097.jpg,808,K
/met-art_ing_03205_0079.jpg,807.83,K
/met-art_ing_03205_0124.jpg,807.52,K
/met-art_ing_03205_0003.jpg,807.06,K
/met-art_ing_duetto_0096.jpg,806.87,K
/met-art_ing_k4000_0025.jpg,806.76,K
/met-art_ing_03205_0014.jpg,806.32,K
/met-art_ing_58_0000.jpg,806.09,K
/met-art_ing_duetto_0010(1).jpg,805.91,K
/met-art_ing_03205_0062.jpg,804.83,K
/met-art_ing_cuddle_0012.jpg,804.67,K
/met-art_ing_49_0062.jpg,803.55,K
/met-art_jk_02076_0092.jpg,803.47,K
/met-art_jg_9_0043.jpg,803.43,K
/met-art_jk_02076_0045.jpg,803.18,K
/met-art_jk_02076_0103.jpg,803.08,K
/met-art_jk_02076_0044.jpg,802.73,K
/met-art_ing_01226_0091.jpg,802.48,K
/met-art_jg_9_0032.jpg,802.37,K
/met-art_ing_03205_0002.jpg,802.27,K
/met-art_ing_cuddle_0019.jpg,802.05,K
/met-art_jk_02076_0050.jpg,801.43,K
/met-art_jk_02076_0089.jpg,800.95,K
/met-art_ing_03205_0081.jpg,799.43,K
/met-art_ing_03205_0071.jpg,798.73,K
/met-art_ing_03205_0048.jpg,798.42,K
/met-art_jk_27_0003.jpg,798.01,K
/met-art_ing_cuddle_0050.jpg,797.98,K
/met-art_ing_03205_0130.jpg,797.97,K
/met-art_ing_03205_0049.jpg,796.81,K
/met-art_jg_9_0026.jpg,796.06,K
/met-art_jk_02076_0088.jpg,793.5,K
/met-art_jg_9_0029.jpg,793.23,K
/met-art_ing_03205_0068.jpg,792.52,K
/met-art_ing_03205_0034.jpg,792.2,K
/met-art_ing_01226_0053.jpg,792.14,K
/met-art_jk_27_0009.jpg,791.61,K
/met-art_jk_02076_0057.jpg,789.49,K
/met-art_ing_03205_0086.jpg,789.06,K
/met-art_ing_cuddle_0011.jpg,786.75,K
/met-art_ing_03205_0036.jpg,786.07,K
/met-art_jk_27_0019.jpg,785.17,K
/met-art_jk_27_0052.jpg,784.73,K
/met-art_jk_27_0015.jpg,784.59,K
/met-art_jk_27_0008.jpg,784.44,K
/met-art_jk_27_0011.jpg,783.95,K
/met-art_jk_02076_0090.jpg,783.46,K
/met-art_jk_27_0079.jpg,783.4,K
/met-art_jk_02076_0059.jpg,782.5,K
/met-art_ing_duetto_0064.jpg,781.96,K
/met-art_jk_27_0077.jpg,781.8,K
/met-art_jk_27_0002.jpg,781.61,K
/met-art_ing_03205_0065.jpg,781.59,K
/met-art_jk_27_0016.jpg,780.21,K
/met-art_jk_27_0025.jpg,778.92,K
/met-art_ing_01226_0013.jpg,778.71,K
/met-art_ing_03205_0107.jpg,778.45,K
/met-art_jk_02076_0113.jpg,778.4,K
/met-art_ing_duetto_0083.jpg,776.57,K
/met-art_ing_03205_0018.jpg,775.52,K
/met-art_ing_02096_0054.jpg,775.46,K
/met-art_jk_02076_0040.jpg,774.15,K
/met-art_ing_duetto_0051(1).jpg,773.89,K
/met-art_jk_27_0075.jpg,773.73,K
/met-art_jk_02076_0063.jpg,773.13,K
/met-art_jk_27_0031.jpg,773.08,K
/met-art_jk_27_0012.jpg,771.09,K
/met-art_jk_27_0032.jpg,770.95,K
/met-art_jk_02076_0108.jpg,770.81,K
/met-art_ing_02096_0092.jpg,770.72,K
/met-art_jk_27_0030.jpg,770.63,K
/met-art_ing_02096_0086.jpg,769.58,K
/met-art_jk_02076_0052.jpg,768.55,K
/met-art_jk_27_0020.jpg,767.08,K
/met-art_ing_03205_0085.jpg,766.48,K
/met-art_jk_27_0085.jpg,766.28,K
/met-art_jk_27_0054.jpg,765.34,K
/met-art_jk_27_0083.jpg,764.67,K
/met-art_ing_03205_0122.jpg,764.52,K
/met-art_ing_duetto_0084.jpg,764.46,K
/met-art_jk_27_0086.jpg,764.42,K
/met-art_jk_27_0038.jpg,764.01,K
/met-art_jk_27_0023.jpg,763.89,K
/met-art_jk_27_0028.jpg,762.94,K
/met-art_jk_27_0018.jpg,762.52,K
/met-art_ing_01226_0030.jpg,762.48,K
/met-art_jk_27_0066.jpg,762.3,K
/met-art_jk_27_0013.jpg,762.04,K
/met-art_jk_02076_0121.jpg,760.9,K
/met-art_ing_duetto_0006.jpg,760.12,K
/met-art_ing_03205_0083.jpg,759.57,K
/met-art_jk_27_0074.jpg,758.99,K
/met-art_jg_9_0025.jpg,758.42,K
/met-art_ing_duetto_0002.jpg,758.29,K
/met-art_ing_03205_0043.jpg,757.68,K
/met-art_jk_27_0047.jpg,757.54,K
/met-art_jk_27_0059.jpg,756.02,K
/met-art_jk_27_0088.jpg,755.66,K
/met-art_jk_27_0069.jpg,754.91,K
/met-art_jk_27_0043.jpg,754.89,K
/met-art_ing_03205_0038.jpg,754.73,K
/met-art_jk_27_0034.jpg,754.66,K
/met-art_jk_27_0004.jpg,754.4,K
/met-art_ing_cuddle_0056.jpg,754.38,K
/met-art_ing_01226_0062.jpg,753.91,K
/met-art_jk_27_0067.jpg,753.78,K
/met-art_jk_27_0082.jpg,753.76,K
/met-art_ing_03205_0084.jpg,753.21,K
/met-art_jg_9_0053.jpg,753.07,K
/met-art_jg_9_0083.jpg,753.01,K
/met-art_jg_9_0095.jpg,752.94,K
/met-art_jk_27_0072.jpg,752.91,K
/met-art_ing_01226_0060.jpg,752.44,K
/met-art_jk_27_0005.jpg,751.93,K
/met-art_jk_27_0014.jpg,751.47,K
/met-art_jk_27_0007.jpg,751.18,K
/met-art_jk_27_0036.jpg,751.1,K
/met-art_jk_27_0058.jpg,750.77,K
/met-art_jk_27_0055.jpg,750.61,K
/met-art_jk_27_0021.jpg,749.63,K
/met-art_jk_27_0033.jpg,749.18,K
/met-art_jk_27_0080.jpg,748.49,K
/met-art_ing_duetto_0062.jpg,747.25,K
/met-art_ing_03205_0080.jpg,746.9,K
/met-art_jk_02076_0026.jpg,746.72,K
/met-art_jk_27_0073.jpg,746.69,K
/met-art_jk_27_0078.jpg,745.4,K
/met-art_jk_02076_0093.jpg,745.29,K
/met-art_jk_02076_0169.jpg,745.09,K
/met-art_ing_01226_0068.jpg,744.84,K
/met-art_jg_9_0096.jpg,744.54,K
/met-art_jk_27_0010.jpg,744.37,K
/met-art_jk_27_0000.jpg,744.22,K
/met-art_jk_27_0064.jpg,743.24,K
/met-art_jk_02076_0031.jpg,743.05,K
/met-art_jk_27_0087.jpg,742.31,K
/met-art_ing_01226_0048.jpg,742.24,K
/met-art_ing_02096_0094.jpg,742,K
/met-art_jk_27_0081.jpg,741.87,K
/met-art_jk_27_0039.jpg,741.47,K
/met-art_jk_27_0060.jpg,741.22,K
/met-art_jk_27_0068.jpg,740.83,K
/met-art_jk_27_0056.jpg,739.55,K
/met-art_jk_27_0045.jpg,739.33,K
/met-art_jk_27_0046.jpg,738.79,K
/met-art_jk_27_0040.jpg,738.67,K
/met-art_jk_27_0063.jpg,738.42,K
/met-art_jk_27_0065.jpg,738.29,K
/met-art_ing_03205_0058.jpg,737.51,K
/met-art_ing_02096_0090.jpg,737.16,K
/met-art_jk_27_0042.jpg,737.09,K
/met-art_jk_27_0051.jpg,736.17,K
/met-art_ing_01226_0036.jpg,735.73,K
/met-art_ing_02096_0011.jpg,735.6,K
/met-art_jk_27_0037.jpg,734.99,K
/met-art_jk_27_0053.jpg,734.33,K
/met-art_ing_02096_0039.jpg,734.28,K
/met-art_jk_02076_0087.jpg,733.65,K
/met-art_jk_27_0049.jpg,733.42,K
/met-art_jk_02076_0116.jpg,733.3,K
/met-art_jk_27_0022.jpg,732.24,K
/met-art_jk_27_0044.jpg,731.86,K
/met-art_jk_27_0062.jpg,731.16,K
/met-art_ing_01226_0005.jpg,730.89,K
/met-art_jk_02076_0168.jpg,730.85,K
/met-art_ing_02096_0066.jpg,730.38,K
/met-art_jk_27_0070.jpg,729.99,K
/met-art_jk_27_0076.jpg,729.9,K
/met-art_jk_27_0048.jpg,728.68,K
/met-art_jk_27_0029.jpg,728.48,K
/met-art_ing_01226_0019.jpg,728.36,K
/met-art_jk_27_0050.jpg,728.13,K
/met-art_jk_02076_0082.jpg,727.28,K
/met-art_jg_9_0052.jpg,726.96,K
/met-art_jk_27_0027.jpg,726.25,K
/met-art_jk_27_0071.jpg,725.87,K
/met-art_ing_02096_0087.jpg,725.18,K
/met-art_ing_02096_0091.jpg,724.64,K
/met-art_jk_27_0006.jpg,724.6,K
/met-art_jk_27_0084.jpg,723.6,K
/met-art_jg_9_0066.jpg,722.63,K
/met-art_ing_02096_0029.jpg,721.95,K
/met-art_jk_27_0035.jpg,720.83,K
/met-art_ing_02096_0085.jpg,720.29,K
/met-art_ing_01226_0099.jpg,719.05,K
/met-art_jk_27_0024.jpg,718.15,K
/met-art_jk_02076_0062.jpg,718.13,K
/met-art_jk_27_0061.jpg,718.04,K
/met-art_jk_02076_0028.jpg,717.24,K
/met-art_ing_49_0076.jpg,715.97,K
/met-art_ing_02096_0007.jpg,715.89,K
/met-art_jk_27_0017.jpg,715.83,K
/met-art_ing_02096_0084.jpg,712.94,K
/met-art_ing_03205_0001.jpg,712.67,K
/met-art_jk_27_0041.jpg,711.79,K
/met-art_jk_27_0057.jpg,711.72,K
/met-art_jk_27_0001.jpg,711.46,K
/met-art_jk_27_0026.jpg,711.04,K
/met-art_jg_9_0060.jpg,710.67,K
/met-art_jg_9_0042.jpg,710.39,K
/met-art_ing_01226_0043.jpg,709.29,K
/met-art_ing_01226_0008.jpg,708.84,K
/met-art_jk_02076_0102.jpg,708.44,K
/met-art_jk_02076_0060.jpg,707.92,K
/met-art_ing_02096_0001.jpg,704.8,K
/met-art_ing_02096_0076.jpg,704.43,K
/met-art_jk_02076_0029.jpg,704.37,K
/met-art_ing_02096_0057.jpg,704.36,K
/met-art_ing_02096_0088.jpg,703.51,K
/met-art_ing_01226_0015.jpg,699.88,K
/met-art_ing_02096_0083.jpg,698.98,K
/met-art_ing_02096_0012.jpg,697.66,K
/met-art_ing_01226_0001.jpg,697.58,K
/met-art_ing_02096_0081.jpg,697.26,K
/met-art_ing_01226_0100.jpg,696.02,K
/met-art_jk_02076_0127.jpg,695.05,K
/met-art_ing_03205_0082.jpg,693.16,K
/met-art_ing_01226_0056.jpg,692.76,K
/met-art_jk_02076_0035.jpg,692.71,K
/met-art_jg_9_0062.jpg,692.58,K
/met-art_ing_02096_0006.jpg,692.24,K
/met-art_ing_02096_0063.jpg,690.65,K
/met-art_ing_03205_0044.jpg,688.4,K
/met-art_ing_01226_0055.jpg,687.38,K
/met-art_ing_02096_0067.jpg,686.14,K
/met-art_ing_03205_0078.jpg,685.82,K
/met-art_ing_01226_0025.jpg,682.6,K
/met-art_jg_9_0064.jpg,681.69,K
/met-art_ing_01226_0033.jpg,681.09,K
/met-art_ing_02096_0002.jpg,680.64,K
/met-art_ing_02096_0064.jpg,680.47,K
/met-art_jg_9_0031.jpg,679.01,K
/met-art_ing_01226_0003.jpg,678.31,K
/met-art_ing_01226_0057.jpg,678.26,K
/met-art_ing_02096_0008.jpg,678.11,K
/met-art_ing_01226_0079.jpg,678.01,K
/met-art_ing_01226_0029.jpg,677.62,K
/met-art_ing_02096_0030.jpg,677.18,K
/met-art_ing_02096_0082.jpg,677.06,K
/met-art_ing_01226_0038.jpg,676.85,K
/met-art_ing_01226_0082.jpg,676.35,K
/met-art_ing_02096_0097.jpg,675.67,K
/met-art_jk_02076_0068.jpg,674.2,K
/met-art_ing_02096_0038.jpg,673.51,K
/met-art_ing_02096_0015.jpg,673.02,K
/met-art_jk_02076_0033.jpg,671.73,K
/met-art_jk_02076_0094.jpg,669.28,K
/met-art_jg_9_0050.jpg,666.75,K
/met-art_ing_01226_0039.jpg,666.55,K
/met-art_ing_02096_0098.jpg,665.74,K
/met-art_jk_02076_0085.jpg,665.15,K
/met-art_jk_02076_0032.jpg,665.14,K
/met-art_ing_01226_0090.jpg,664.47,K
/met-art_ing_01226_0052.jpg,663.63,K
/met-art_ing_01226_0054.jpg,662.69,K
/met-art_ing_01226_0078.jpg,661.18,K
/met-art_ing_01226_0040.jpg,660.05,K
/met-art_ing_02096_0096.jpg,659.25,K
/met-art_ing_01226_0051.jpg,659.17,K
/met-art_ing_02096_0018.jpg,657.77,K
/met-art_ing_02096_0037.jpg,657.72,K
/met-art_ing_01226_0031.jpg,657.2,K
/met-art_jg_9_0054.jpg,656.41,K
/met-art_ing_02096_0005.jpg,656.39,K
/met-art_jk_02076_0125.jpg,655.47,K
/met-art_jk_02076_0034.jpg,655.4,K
/met-art_ing_01226_0044.jpg,654.22,K
/met-art_jk_02076_0086.jpg,653.12,K
/met-art_ing_01226_0041.jpg,652.08,K
/met-art_ing_02096_0079.jpg,651.89,K
/met-art_ing_01226_0063.jpg,650.76,K
/met-art_jg_9_0079.jpg,649.76,K
/met-art_ing_01226_0010.jpg,647.79,K
/met-art_ing_01226_0012.jpg,647.42,K
/met-art_jk_02076_0109.jpg,647.04,K
/met-art_ing_02096_0073.jpg,646.67,K
/met-art_ing_01226_0024.jpg,646.33,K
/met-art_ing_02096_0014.jpg,646.09,K
/met-art_jk_02076_0027.jpg,645.82,K
/met-art_ing_02096_0089.jpg,645.12,K
/met-art_ing_02096_0065.jpg,644.38,K
/met-art_ing_01226_0069.jpg,644.23,K
/met-art_jk_02076_0066.jpg,644.14,K
/met-art_ing_01226_0059.jpg,644.1,K
/met-art_jk_02076_0122.jpg,643.32,K
/met-art_ing_01226_0095.jpg,641.78,K
/met-art_ing_02096_0093.jpg,640.63,K
/met-art_ing_02096_0013.jpg,639.18,K
/met-art_jg_9_0044.jpg,637.89,K
/met-art_ing_01226_0096.jpg,636.31,K
/met-art_ing_01226_0045.jpg,636.15,K
/met-art_ing_01226_0021.jpg,635.63,K
/met-art_ing_01226_0006.jpg,635.59,K
/met-art_jg_9_0030.jpg,634.94,K
/met-art_ing_02096_0024.jpg,634.54,K
/met-art_jk_02076_0042.jpg,633.49,K
/met-art_ing_01226_0011.jpg,633.08,K
/met-art_ing_02096_0095.jpg,632.42,K
/met-art_jk_02076_0123.jpg,631.18,K
/met-art_jg_9_0021.jpg,630.7,K
/met-art_ing_01226_0092.jpg,630.12,K
/met-art_ing_02096_0035.jpg,629.92,K
/met-art_ing_01226_0093.jpg,629.61,K
/met-art_ing_01226_0076.jpg,628.77,K
/met-art_ing_02096_0069.jpg,628.73,K
/met-art_ing_01226_0084.jpg,628.68,K
/met-art_jg_9_0081.jpg,628.19,K
/met-art_ing_01226_0050.jpg,627.35,K
/met-art_ing_02096_0003.jpg,627.19,K
/met-art_ing_02096_0021.jpg,626.78,K
/met-art_ing_01226_0064.jpg,625.62,K
/met-art_jk_02076_0129.jpg,624.09,K
/met-art_ing_01226_0066.jpg,623.54,K
/met-art_jk_02076_0065.jpg,622.18,K
/met-art_jk_02076_0043.jpg,621.88,K
/met-art_jg_9_0063.jpg,621.88,K
/met-art_jk_02076_0128.jpg,621.16,K
/met-art_ing_01226_0007.jpg,619.98,K
/met-art_ing_02096_0017.jpg,619.29,K
/met-art_ing_01226_0088.jpg,618.96,K
/met-art_ing_01226_0027.jpg,617.71,K
/met-art_ing_01226_0072.jpg,616.44,K
/met-art_ing_01226_0046.jpg,616.26,K
/met-art_ing_01226_0026.jpg,614.55,K
/met-art_ing_01226_0022.jpg,612.79,K
/met-art_ing_02096_0068.jpg,612.74,K
/met-art_ing_01226_0023.jpg,612.03,K
/met-art_jk_02076_0124.jpg,611.55,K
/met-art_ing_02096_0036.jpg,610.63,K
/met-art_ing_01226_0017.jpg,608.92,K
/met-art_jk_02076_0064.jpg,608.54,K
/met-art_ing_02096_0016.jpg,605.63,K
/met-art_ing_02096_0070.jpg,605.57,K
/met-art_ing_02096_0080.jpg,605.15,K
/met-art_jk_02076_0126.jpg,605.12,K
/met-art_jg_9_0093.jpg,604.15,K
/met-art_ing_02096_0025.jpg,599.3,K
/met-art_ing_02096_0053.jpg,595.93,K
/met-art_ing_01226_0083.jpg,595.25,K
/met-art_ing_01226_0085.jpg,594.95,K
/met-art_jg_9_0065.jpg,594.15,K
/met-art_ing_02096_0048.jpg,593.9,K
/met-art_ing_02096_0075.jpg,593.76,K
/met-art_jg_9_0016.jpg,592.28,K
/met-art_ing_02096_0023.jpg,591.96,K
/met-art_ing_02096_0032.jpg,590.33,K
/met-art_jg_9_0024.jpg,588.56,K
/met-art_ing_01226_0097.jpg,587.89,K
/met-art_jg_9_0067.jpg,587.79,K
/met-art_ing_01226_0035.jpg,586.32,K
/met-art_ing_02096_0071.jpg,586.19,K
/met-art_ing_02096_0010.jpg,585.65,K
/met-art_ing_01226_0061.jpg,585.29,K
/met-art_ing_01226_0042.jpg,584.18,K
/met-art_ing_duetto_0007.jpg,584.12,K
/met-art_jg_9_0088.jpg,584.01,K
/met-art_ing_02096_0055.jpg,583.48,K
/met-art_jk_02076_0069.jpg,583.03,K
/met-art_jk_02076_0132.jpg,580.11,K
/met-art_ing_01226_0089.jpg,580.05,K
/met-art_jk_02076_0141.jpg,579.73,K
/met-art_ing_01226_0020.jpg,578.62,K
/met-art_ing_02096_0042.jpg,578.61,K
/met-art_jk_02076_0145.jpg,577.22,K
/met-art_jg_9_0084.jpg,575.81,K
/met-art_ing_02096_0009.jpg,575.03,K
/met-art_ing_02096_0077.jpg,574.89,K
/met-art_ing_01226_0037.jpg,572.74,K
/met-art_ing_02096_0074.jpg,570.53,K
/met-art_ing_02096_0056.jpg,570.2,K
/met-art_jg_9_0046.jpg,570.13,K
/met-art_jk_02076_0061.jpg,569.98,K
/met-art_ing_01226_0080.jpg,569.67,K
/met-art_jg_9_0019.jpg,567.97,K
/met-art_ing_02096_0061.jpg,566.96,K
/met-art_ing_02096_0072.jpg,565.21,K
/met-art_ing_01226_0070.jpg,562.58,K
/met-art_ing_01226_0074.jpg,561.3,K
/met-art_ing_02096_0031.jpg,560.33,K
/met-art_ing_01226_0032.jpg,559.79,K
/met-art_ing_01226_0065.jpg,559.01,K
/met-art_ing_01226_0077.jpg,556.15,K
/met-art_ing_02096_0058.jpg,554.56,K
/met-art_ing_01226_0049.jpg,554.11,K
/met-art_ing_02096_0004.jpg,552.37,K
/met-art_jk_02076_0074.jpg,551.69,K
/met-art_ing_02096_0034.jpg,549.88,K
/met-art_ing_01226_0058.jpg,549.19,K
/met-art_ing_01226_0067.jpg,548.01,K
/met-art_jk_02076_0133.jpg,546.81,K
/met-art_ing_02096_0078.jpg,546.75,K
/met-art_ing_01226_0002.jpg,545.52,K
/met-art_jk_02076_0084.jpg,544.41,K
/met-art_ing_01226_0028.jpg,544.11,K
/met-art_ing_02096_0026.jpg,543.46,K
/met-art_jk_02076_0130.jpg,542.36,K
/met-art_ing_02096_0020.jpg,541.12,K
/met-art_jk_02076_0144.jpg,537.97,K
/met-art_ing_02096_0100.jpg,537.33,K
/met-art_ing_01226_0087.jpg,535.66,K
/met-art_ing_01226_0034.jpg,535.11,K
/met-art_jg_9_0075.jpg,531.09,K
/met-art_jk_02076_0142.jpg,530.34,K
/met-art_ing_01226_0098.jpg,529.67,K
/met-art_jk_02076_0148.jpg,529.15,K
/met-art_jk_02076_0077.jpg,528.83,K
/met-art_ing_01226_0073.jpg,528.51,K
/met-art_ing_01226_0014.jpg,528.13,K
/met-art_jg_9_0073.jpg,527.36,K
/met-art_ing_02096_0046.jpg,526.45,K
/met-art_ing_02096_0059.jpg,524.03,K
/met-art_ing_02096_0047.jpg,523.77,K
/met-art_jk_02076_0070.jpg,523.26,K
/met-art_jk_02076_0147.jpg,522.55,K
/met-art_ing_01226_0004.jpg,521.7,K
/met-art_ing_02096_0019.jpg,520.1,K
/met-art_jk_02076_0067.jpg,518.61,K
/met-art_ing_01226_0081.jpg,517.78,K
/met-art_ing_02096_0099.jpg,517.55,K
/met-art_ing_01226_0009.jpg,516.74,K
/met-art_jk_02076_0140.jpg,516.72,K
/met-art_jg_9_0076.jpg,516.7,K
/met-art_jk_02076_0139.jpg,516.37,K
/met-art_ing_02096_0043.jpg,515.91,K
/met-art_ing_02096_0022.jpg,515.48,K
/met-art_ing_01226_0071.jpg,515.04,K
/met-art_ing_02096_0040.jpg,514.83,K
/met-art_ing_02096_0045.jpg,514.06,K
/met-art_jk_02076_0138.jpg,513.58,K
/met-art_ing_02096_0049.jpg,513.42,K
/met-art_ing_02096_0033.jpg,513.24,K
/met-art_ing_02096_0041.jpg,510.27,K
/met-art_ing_01226_0086.jpg,506.99,K
/met-art_jg_9_0014.jpg,506.4,K
/met-art_jk_02076_0136.jpg,503.79,K
/met-art_jk_02076_0083.jpg,502.32,K
/met-art_jk_02076_0078.jpg,500.65,K
/met-art_jk_02076_0075.jpg,498.8,K
/met-art_ing_01226_0047.jpg,496.5,K
/met-art_jg_9_0086.jpg,494.93,K
/met-art_jg_9_0000.jpg,494.9,K
/met-art_ing_02096_0062.jpg,494.6,K
/met-art_ing_02096_0051.jpg,494.47,K
/met-art_ing_01226_0094.jpg,494.27,K
/met-art_ing_02096_0060.jpg,494.15,K
/met-art_ing_02096_0050.jpg,490.97,K
/met-art_jk_02076_0146.jpg,489.06,K
/met-art_jk_02076_0134.jpg,488.46,K
/met-art_jg_9_0071.jpg,488.15,K
/met-art_ing_02096_0028.jpg,487.54,K
/met-art_ing_01226_0075.jpg,486.72,K
/met-art_jg_9_0015.jpg,485.8,K
/met-art_jk_02076_0135.jpg,480.71,K
/met-art_jg_9_0087.jpg,479.95,K
/met-art_jg_9_0074.jpg,478.95,K
/met-art_jk_02076_0137.jpg,477.33,K
/met-art_jg_9_0078.jpg,476.77,K
/met-art_jk_02076_0081.jpg,474.25,K
/met-art_jk_02076_0143.jpg,465.32,K
/met-art_jk_02076_0151.jpg,463.73,K
/met-art_jg_9_0057.jpg,463.25,K
/met-art_ing_02096_0044.jpg,462.67,K
/met-art_jk_02076_0150.jpg,457.84,K
/met-art_jk_02076_0073.jpg,453.31,K
/met-art_ing_02096_0052.jpg,453.22,K
/met-art_ing_02096_0027.jpg,446.88,K
/met-art_jk_02076_0153.jpg,445.79,K
/met-art_jk_02076_0154.jpg,443.99,K
/met-art_jk_02076_0071.jpg,440.34,K
/met-art_jg_9_0017.jpg,427.78,K
/met-art_jg_9_0011.jpg,427.77,K
/met-art_jk_02076_0079.jpg,426.16,K
/met-art_jg_9_0090.jpg,424.05,K
/met-art_jk_02076_0149.jpg,421.42,K
/met-art_jk_02076_0152.jpg,419.37,K
/met-art_jk_02076_0080.jpg,416.05,K
/met-art_jk_02076_0076.jpg,411.94,K
/met-art_jg_9_0018.jpg,397.25,K
/met-art_jg_9_0012.jpg,389.7,K
/met-art_jk_02076_0072.jpg,331.49,K
/met-art_jb_09265_0163.jpg,99.64,K
