Filename,Size,Unit
Desierto.Sur.DVDRIP.Castellano[www.EstrenosMix.com].avi,1.12,G
