Filename,Size,Unit
/Neal Boortz 19-Aug.mp3,92.89,M
/Torrent downloaded from Demonoid.com.txt,47,B
