Filename,Size,Unit
/Oldje-TheIncrediblyMessyBitch-02.wmv,180.37,M
/Oldje-TheIncrediblyMessyBitch-01.wmv,169.56,M
