Title,Type,Files,Size,IMDB,Spoken Languages,Texted Languages,Tags,Quality (+),Quality (-),Uploaded,By,User Type,Seeders,Leechers,Info Hash,Picture,Capture Date
Revelations Radio Network - 2009-12-14 Monday Programmes,199,2,30.43 MiB (31905935 Bytes),,,,"""radio mp christian jesus""",0,0,2009-12-15T07:13:59Z,Anonymous,,0,0,8A45A6625500B43E66CF69631419D2E2A9624C75,,2012-07-23T11:31:54Z
