Filename,Size,Unit
/Celtic Kings Portable [English][PC][WwW.GamesTorrents.CoM].part1.rar,95.78,M
/Celtic Kings Portable [English][PC][WwW.GamesTorrents.CoM].part2.rar,95.78,M
/Celtic Kings Portable [English][PC][WwW.GamesTorrents.CoM].part3.rar,81.18,M
/GamesTorrent.url,232,B
