Filename,Size,Unit
Big Boss-8oct-CbTv.avi,329.37,M
