Title,Type,Files,Size,IMDB,Spoken Languages,Texted Languages,Tags,Quality (+),Quality (-),Uploaded,By,User Type,Seeders,Leechers,Info Hash,Picture,Capture Date
Private.Specials.How.I.Seduce.and.Fuck.Girls.1.XXX.PAL.DVDR-Evil,501,99,4.44 GiB (4769721096 Bytes),,,,,0,0,2010-08-31T00:23:56Z,scenebalance,[V],1,1,DB316C8D15D98058ACE1B9C3C4B5213BD9B95558,,2012-07-07T13:49:46Z
