Filename,Size,Unit
Glee - S01E22 - Journey.avi,349.78,M
