Filename,Size,Unit
Supernatural S06E05 SWESUB HDTV XviD-SD.avi,349.99,M
