Filename,Size,Unit
Seymore Butts Goes Nuts.avi,985.04,M
