Filename,Size,Unit
youtube_report5.pdf,113.88,K
