User Type,Username,Date,Text
,ezboard,2010-06-05T17:53Z,don't forget the most recent one
