Filename,Size,Unit
From the Bottom Up/01. Party Wit Me.mp3,10.94,M
From the Bottom Up/02.  Grapevyne.mp3,13,M
From the Bottom Up/03. If You Love Me.mp3,11.69,M
From the Bottom Up/04. Sometimes Dancin'.mp3,11.63,M
From the Bottom Up/05. I Can't Tell You Why.mp3,9.49,M
From the Bottom Up/06. Don't Cry For Me.mp3,12.31,M
From the Bottom Up/07. Pass The Lovin'.mp3,8.91,M
From the Bottom Up/08. Fruit Of Life.mp3,12.08,M
From the Bottom Up/09. True To Me.mp3,8.91,M
From the Bottom Up/10. Wipe It Up.mp3,7.9,M
From the Bottom Up/11. Deeper Feelings (Ooh La La).mp3,12.68,M
From the Bottom Up/12. Half Of You.mp3,13.13,M
From the Bottom Up/Back.jpg,222.39,K
From the Bottom Up/Front.jpg,416.68,K
Still Climbing/01. Let's Get It Started.mp3,11.28,M
Still Climbing/02. 5 Miles To Empty.mp3,12.07,M
Still Climbing/03. Love Me Like You Do.mp3,10.54,M
Still Climbing/04. In The Name Of Love.mp3,11,M
Still Climbing/05. Foolish Pride.mp3,12.37,M
Still Climbing/06. Kiss And Tell.mp3,10.95,M
Still Climbing/07. Baby Love.mp3,11.55,M
Still Climbing/08. Around You.mp3,11.18,M
Still Climbing/09. Revenge.mp3,11.56,M
Still Climbing/10. All I Do.mp3,10.14,M
Still Climbing/11. You Give Good Love.mp3,11.55,M
Still Climbing/12. If You Play Your Cards Right.mp3,10.58,M
Still Climbing/back.jpg,290.67,K
Still Climbing/CD.jpg,433.52,K
Still Climbing/front.jpg,503.01,K
