Filename,Size,Unit
/front.jpg,151.64,K
/jiggly-pvfff-cd1.avi,698.67,M
/jiggly-pvfff-cd2.avi,700.53,M
