Title,Type,Files,Size,IMDB,Spoken Languages,Texted Languages,Tags,Quality (+),Quality (-),Uploaded,By,User Type,Seeders,Leechers,Info Hash,Picture,Capture Date
Beat This The Hits Of Rhythm King(mp3 320kbs) ICM369,199,25,169.07 MiB (177281143 Bytes),,,,"""ICM369"",""ICME69""",0,0,2009-10-25T05:16:28Z,ICM369,[V],1,1,4A8B94B7B44C91B65D8B13B4BA0DADBB9ACC755A,,2012-07-26T04:36:20Z
