User Type,Username,Date,Text
,scrumpiest,2010-08-18T19:44Z,thanks!
,rollypollymasta3000,2011-05-06T17:00Z,Cheers dude thanks for the upload
