User Type,Username,Date,Text
,zendragon533,2009-08-31T05:41Z,thanks goose
[V],mothergoose56,2009-08-31T17:24Z,08-31 64k up at noon or a little later....
