Title,Type,Files,Size,IMDB,Spoken Languages,Texted Languages,Tags,Quality (+),Quality (-),Uploaded,By,User Type,Seeders,Leechers,Info Hash,Picture,Capture Date
"The 8th Day - DISC2 [2009,DVD.XviD] - Bree Olson, Amber Rayne",501,4,1.38 GiB (1478312743 Bytes),,English,,"""Amber Rayne"",""Bree Olson"",""Jandi Lin"",""Krissy Leigh"",""Kylie Ireland"",""Poppy Morgan"",""Tori Black"",""Trinity Post"",""Tyler Knight""",3,0,2009-09-14T14:24:55Z,teen_torrent,,4,3,CCC3954E6D3EAA7D41BA317DD2F5D13DD08E3E99,,2012-07-27T05:40:27Z
