Title,Type,Files,Size,IMDB,Spoken Languages,Texted Languages,Tags,Quality (+),Quality (-),Uploaded,By,User Type,Seeders,Leechers,Info Hash,Picture,Capture Date
[CENSORED] Panty Rubbing,501,1,1017.58 MiB (1067012660 Bytes),,,,,0,0,2010-08-02T09:21:03Z,exmnova,[T],1,1,138989C5F8E4F473E33188833A501EF8DA475DA9,,2012-07-09T05:35:07Z
