Filename,Size,Unit
Deep Purple - When A Blind Man Cries (Live Australia 1999).avi,72.7,M
