Filename,Size,Unit
Pixie Lott - Broken Arrow.mp3,3.55,M
