Filename,Size,Unit
/Howard Stern - CF64K - 06-14-10 [WDM].mp3,122.24,M
/Wrap Up - CF64K - 06-14-10 [WDM].mp3,29.39,M
/Howard Stern - CF64K - 06-14-10 - Set List [WDM].txt,3.96,K
/Get your Stern content first @ wushdishmeen.net.txt,1.01,K
