Filename,Size,Unit
/01 What A Night For A Knight  [cedar].avi,146.78,M
/02 Hassle In The Castle [cedar].avi,146.78,M
/03 A Clue For Scooby-Doo [cedar].avi,147.57,M
/04 Mine Your Own Business [cedar].avi,154.45,M
/05 Decoy For A Dognapper [cedar].avi,146.79,M
/06 What The Hex Going On [cedar].avi,154.43,M
/07 Never Ape An Ape Man [cedar].avi,154.46,M
/08 Foul Play In Funland [cedar].avi,146.79,M
/09 The Backstage Rage [cedar].avi,148.32,M
/10 Bedlam In The Bigtop [cedar].avi,147.57,M
/11 A Gaggle Of Galloping Ghosts [cedar].avi,146.78,M
"/12 Scooby-Doo and a Mummy, Too.avi",137.64,M
/13 Which Witch Is Which [cedar].avi,148.75,M
/14 Spooky Space Kook [cedar].avi,150.3,M
/15 Go Away Ghost Ship [cedar].avi,149.52,M
