Title,Type,Files,Size,IMDB,Spoken Languages,Texted Languages,Tags,Quality (+),Quality (-),Uploaded,By,User Type,Seeders,Leechers,Info Hash,Picture,Capture Date
F1 2010 Malaysian Grand Prix - Audio Commentary - Misk,102,4,182.94 MiB (191830723 Bytes),,English,,"""Formula 1"",""Malaysia"",""BBC Radio 5 Live"",""Live Commentary""",0,0,2010-04-04T14:45:25Z,Misk1974,,0,0,89EFA0B3D55D84B4B167231E7BB87DE51E831DF3,http://image.bayimg.com/galpgaack.jpg,2012-07-18T08:10:30Z
