Filename,Size,Unit
Detour.Mortel.3.2010.TRUEFRENCH.DVDRiP.XviD.AC3-FiCTiON.avi,1.38,G
