Filename,Size,Unit
/METRO 2033.rar,1.3,G
/ÐÐ»ÑÑÐ¾Ð²ÑÐºÐ¸Ð¹ ÐÐ¼Ð¸ÑÑÐ¸Ð¹. ÐÐµÑÑÐ¾ 2034. ÑÐ¸ÑÐ°ÐµÑ ÐÐ½Ð´ÑÐ¸ÐµÐ½ÐºÐ¾ ÐÐ»ÐµÐºÑÐ°Ð½Ð´Ñ.zip,629.64,M
