Filename,Size,Unit
/Glee Cast - Bohemian Rhapsody.mp3,5.46,M
/Glee Cast - Faithfully.mp3,4.21,M
/Glee Cast - Don't Stop Believin' (Regionals Version).mp3,3.42,M
/Glee Cast - Any Way You Want It.mp3,2.9,M
"/Glee Cast - To Sir, With Love.mp3",2.5,M
/Glee Cast - Somewhere Over The Rainbow.mp3,2.32,M
