Filename,Size,Unit
Teenage Brotha Lovers #1 CD1.mpg,698.02,M
Teenage Brotha Lovers #1 CD2.mpg,698.01,M
