Filename,Size,Unit
afl.grand.final.2010.game.2.collingwood.vs.st.kilda.ws.pdtv.xvid-w4f.nfo,9.66,K
afl.grand.final.2010.game.2.collingwood.vs.st.kilda.ws.pdtv.xvid-w4f.r00,19.07,M
afl.grand.final.2010.game.2.collingwood.vs.st.kilda.ws.pdtv.xvid-w4f.r01,19.07,M
afl.grand.final.2010.game.2.collingwood.vs.st.kilda.ws.pdtv.xvid-w4f.r02,19.07,M
afl.grand.final.2010.game.2.collingwood.vs.st.kilda.ws.pdtv.xvid-w4f.r03,19.07,M
afl.grand.final.2010.game.2.collingwood.vs.st.kilda.ws.pdtv.xvid-w4f.r04,19.07,M
afl.grand.final.2010.game.2.collingwood.vs.st.kilda.ws.pdtv.xvid-w4f.r05,19.07,M
afl.grand.final.2010.game.2.collingwood.vs.st.kilda.ws.pdtv.xvid-w4f.r06,19.07,M
afl.grand.final.2010.game.2.collingwood.vs.st.kilda.ws.pdtv.xvid-w4f.r07,19.07,M
afl.grand.final.2010.game.2.collingwood.vs.st.kilda.ws.pdtv.xvid-w4f.r08,19.07,M
afl.grand.final.2010.game.2.collingwood.vs.st.kilda.ws.pdtv.xvid-w4f.r09,19.07,M
afl.grand.final.2010.game.2.collingwood.vs.st.kilda.ws.pdtv.xvid-w4f.r10,19.07,M
afl.grand.final.2010.game.2.collingwood.vs.st.kilda.ws.pdtv.xvid-w4f.r11,19.07,M
afl.grand.final.2010.game.2.collingwood.vs.st.kilda.ws.pdtv.xvid-w4f.r12,19.07,M
afl.grand.final.2010.game.2.collingwood.vs.st.kilda.ws.pdtv.xvid-w4f.r13,19.07,M
afl.grand.final.2010.game.2.collingwood.vs.st.kilda.ws.pdtv.xvid-w4f.r14,19.07,M
afl.grand.final.2010.game.2.collingwood.vs.st.kilda.ws.pdtv.xvid-w4f.r15,19.07,M
afl.grand.final.2010.game.2.collingwood.vs.st.kilda.ws.pdtv.xvid-w4f.r16,19.07,M
afl.grand.final.2010.game.2.collingwood.vs.st.kilda.ws.pdtv.xvid-w4f.r17,19.07,M
afl.grand.final.2010.game.2.collingwood.vs.st.kilda.ws.pdtv.xvid-w4f.r18,19.07,M
afl.grand.final.2010.game.2.collingwood.vs.st.kilda.ws.pdtv.xvid-w4f.r19,19.07,M
afl.grand.final.2010.game.2.collingwood.vs.st.kilda.ws.pdtv.xvid-w4f.r20,19.07,M
afl.grand.final.2010.game.2.collingwood.vs.st.kilda.ws.pdtv.xvid-w4f.r21,19.07,M
afl.grand.final.2010.game.2.collingwood.vs.st.kilda.ws.pdtv.xvid-w4f.r22,19.07,M
afl.grand.final.2010.game.2.collingwood.vs.st.kilda.ws.pdtv.xvid-w4f.r23,19.07,M
afl.grand.final.2010.game.2.collingwood.vs.st.kilda.ws.pdtv.xvid-w4f.r24,19.07,M
afl.grand.final.2010.game.2.collingwood.vs.st.kilda.ws.pdtv.xvid-w4f.r25,19.07,M
afl.grand.final.2010.game.2.collingwood.vs.st.kilda.ws.pdtv.xvid-w4f.r26,19.07,M
afl.grand.final.2010.game.2.collingwood.vs.st.kilda.ws.pdtv.xvid-w4f.r27,19.07,M
afl.grand.final.2010.game.2.collingwood.vs.st.kilda.ws.pdtv.xvid-w4f.r28,19.07,M
afl.grand.final.2010.game.2.collingwood.vs.st.kilda.ws.pdtv.xvid-w4f.r29,19.07,M
afl.grand.final.2010.game.2.collingwood.vs.st.kilda.ws.pdtv.xvid-w4f.r30,19.07,M
afl.grand.final.2010.game.2.collingwood.vs.st.kilda.ws.pdtv.xvid-w4f.r31,19.07,M
afl.grand.final.2010.game.2.collingwood.vs.st.kilda.ws.pdtv.xvid-w4f.r32,19.07,M
afl.grand.final.2010.game.2.collingwood.vs.st.kilda.ws.pdtv.xvid-w4f.r33,19.07,M
afl.grand.final.2010.game.2.collingwood.vs.st.kilda.ws.pdtv.xvid-w4f.r34,19.07,M
afl.grand.final.2010.game.2.collingwood.vs.st.kilda.ws.pdtv.xvid-w4f.r35,19.07,M
afl.grand.final.2010.game.2.collingwood.vs.st.kilda.ws.pdtv.xvid-w4f.r36,19.07,M
afl.grand.final.2010.game.2.collingwood.vs.st.kilda.ws.pdtv.xvid-w4f.r37,19.07,M
afl.grand.final.2010.game.2.collingwood.vs.st.kilda.ws.pdtv.xvid-w4f.r38,19.07,M
afl.grand.final.2010.game.2.collingwood.vs.st.kilda.ws.pdtv.xvid-w4f.r39,19.07,M
afl.grand.final.2010.game.2.collingwood.vs.st.kilda.ws.pdtv.xvid-w4f.r40,19.07,M
afl.grand.final.2010.game.2.collingwood.vs.st.kilda.ws.pdtv.xvid-w4f.r41,19.07,M
afl.grand.final.2010.game.2.collingwood.vs.st.kilda.ws.pdtv.xvid-w4f.r42,19.07,M
afl.grand.final.2010.game.2.collingwood.vs.st.kilda.ws.pdtv.xvid-w4f.r43,19.07,M
afl.grand.final.2010.game.2.collingwood.vs.st.kilda.ws.pdtv.xvid-w4f.r44,19.07,M
afl.grand.final.2010.game.2.collingwood.vs.st.kilda.ws.pdtv.xvid-w4f.r45,19.07,M
afl.grand.final.2010.game.2.collingwood.vs.st.kilda.ws.pdtv.xvid-w4f.r46,19.07,M
afl.grand.final.2010.game.2.collingwood.vs.st.kilda.ws.pdtv.xvid-w4f.r47,19.07,M
afl.grand.final.2010.game.2.collingwood.vs.st.kilda.ws.pdtv.xvid-w4f.r48,19.07,M
afl.grand.final.2010.game.2.collingwood.vs.st.kilda.ws.pdtv.xvid-w4f.r49,19.07,M
afl.grand.final.2010.game.2.collingwood.vs.st.kilda.ws.pdtv.xvid-w4f.r50,19.07,M
afl.grand.final.2010.game.2.collingwood.vs.st.kilda.ws.pdtv.xvid-w4f.r51,19.07,M
afl.grand.final.2010.game.2.collingwood.vs.st.kilda.ws.pdtv.xvid-w4f.r52,19.07,M
afl.grand.final.2010.game.2.collingwood.vs.st.kilda.ws.pdtv.xvid-w4f.r53,19.07,M
afl.grand.final.2010.game.2.collingwood.vs.st.kilda.ws.pdtv.xvid-w4f.r54,19.07,M
afl.grand.final.2010.game.2.collingwood.vs.st.kilda.ws.pdtv.xvid-w4f.r55,19.07,M
afl.grand.final.2010.game.2.collingwood.vs.st.kilda.ws.pdtv.xvid-w4f.r56,19.07,M
afl.grand.final.2010.game.2.collingwood.vs.st.kilda.ws.pdtv.xvid-w4f.r57,19.07,M
afl.grand.final.2010.game.2.collingwood.vs.st.kilda.ws.pdtv.xvid-w4f.r58,19.07,M
afl.grand.final.2010.game.2.collingwood.vs.st.kilda.ws.pdtv.xvid-w4f.r59,19.07,M
afl.grand.final.2010.game.2.collingwood.vs.st.kilda.ws.pdtv.xvid-w4f.r60,19.07,M
afl.grand.final.2010.game.2.collingwood.vs.st.kilda.ws.pdtv.xvid-w4f.r61,19.07,M
afl.grand.final.2010.game.2.collingwood.vs.st.kilda.ws.pdtv.xvid-w4f.r62,19.07,M
afl.grand.final.2010.game.2.collingwood.vs.st.kilda.ws.pdtv.xvid-w4f.r63,19.07,M
afl.grand.final.2010.game.2.collingwood.vs.st.kilda.ws.pdtv.xvid-w4f.r64,19.07,M
afl.grand.final.2010.game.2.collingwood.vs.st.kilda.ws.pdtv.xvid-w4f.r65,19.07,M
afl.grand.final.2010.game.2.collingwood.vs.st.kilda.ws.pdtv.xvid-w4f.r66,19.07,M
afl.grand.final.2010.game.2.collingwood.vs.st.kilda.ws.pdtv.xvid-w4f.r67,19.07,M
afl.grand.final.2010.game.2.collingwood.vs.st.kilda.ws.pdtv.xvid-w4f.r68,19.07,M
afl.grand.final.2010.game.2.collingwood.vs.st.kilda.ws.pdtv.xvid-w4f.r69,19.07,M
afl.grand.final.2010.game.2.collingwood.vs.st.kilda.ws.pdtv.xvid-w4f.r70,19.07,M
afl.grand.final.2010.game.2.collingwood.vs.st.kilda.ws.pdtv.xvid-w4f.r71,19.07,M
afl.grand.final.2010.game.2.collingwood.vs.st.kilda.ws.pdtv.xvid-w4f.r72,19.07,M
afl.grand.final.2010.game.2.collingwood.vs.st.kilda.ws.pdtv.xvid-w4f.r73,19.07,M
afl.grand.final.2010.game.2.collingwood.vs.st.kilda.ws.pdtv.xvid-w4f.r74,19.07,M
afl.grand.final.2010.game.2.collingwood.vs.st.kilda.ws.pdtv.xvid-w4f.r75,19.07,M
afl.grand.final.2010.game.2.collingwood.vs.st.kilda.ws.pdtv.xvid-w4f.r76,19.07,M
afl.grand.final.2010.game.2.collingwood.vs.st.kilda.ws.pdtv.xvid-w4f.r77,4.12,M
afl.grand.final.2010.game.2.collingwood.vs.st.kilda.ws.pdtv.xvid-w4f.rar,19.07,M
afl.grand.final.2010.game.2.collingwood.vs.st.kilda.ws.pdtv.xvid-w4f.sfv,6.4,K
This torrent has been downloaded from scenetime.com.txt,143,B
