Filename,Size,Unit
Eminem_-_All_She_Wrote_(Solo Version)--(MixJoint.com).mp3,10.45,M
