Title,Type,Files,Size,IMDB,Spoken Languages,Texted Languages,Tags,Quality (+),Quality (-),Uploaded,By,User Type,Seeders,Leechers,Info Hash,Picture,Capture Date
Jade Empire - Special Edition (2007) FULL RIP,401,1,1.68 GiB (1802489481 Bytes),,,,,0,3,2010-10-18T04:22:56Z,Ervils,,0,2,0C745F25469BE14DF6365347FB69B12B57AA086F,http://image.bayimg.com/papjgaaco.jpg,2012-07-05T07:38:34Z
