Filename,Size,Unit
/aaf-1000.ways.to.die.s01e02.nfo,4.84,K
/aaf-1000.ways.to.die.s01e02.r00,14.31,M
/aaf-1000.ways.to.die.s01e02.r01,14.31,M
/aaf-1000.ways.to.die.s01e02.r02,14.31,M
/aaf-1000.ways.to.die.s01e02.r03,14.31,M
/aaf-1000.ways.to.die.s01e02.r04,14.31,M
/aaf-1000.ways.to.die.s01e02.r05,14.31,M
/aaf-1000.ways.to.die.s01e02.r06,14.31,M
/aaf-1000.ways.to.die.s01e02.r07,14.31,M
/aaf-1000.ways.to.die.s01e02.r08,14.31,M
/aaf-1000.ways.to.die.s01e02.r09,14.31,M
/aaf-1000.ways.to.die.s01e02.r10,14.31,M
/aaf-1000.ways.to.die.s01e02.r11,3.71,M
/aaf-1000.ways.to.die.s01e02.rar,14.31,M
/aaf-1000.ways.to.die.s01e02.sfv,546,B
/Read-Me.txt,402,B
/www.torrentday.com.txt,402,B
