Filename,Size,Unit
/lark_rise_to_candleford.3x06.real.hdtv_xvid-fov.nfo,9.22,K
/lark_rise_to_candleford.3x06.real.hdtv_xvid-fov.r00,14.31,M
/lark_rise_to_candleford.3x06.real.hdtv_xvid-fov.r01,14.31,M
/lark_rise_to_candleford.3x06.real.hdtv_xvid-fov.r02,14.31,M
/lark_rise_to_candleford.3x06.real.hdtv_xvid-fov.r03,14.31,M
/lark_rise_to_candleford.3x06.real.hdtv_xvid-fov.r04,14.31,M
/lark_rise_to_candleford.3x06.real.hdtv_xvid-fov.r05,14.31,M
/lark_rise_to_candleford.3x06.real.hdtv_xvid-fov.r06,14.31,M
/lark_rise_to_candleford.3x06.real.hdtv_xvid-fov.r07,14.31,M
/lark_rise_to_candleford.3x06.real.hdtv_xvid-fov.r08,14.31,M
/lark_rise_to_candleford.3x06.real.hdtv_xvid-fov.r09,14.31,M
/lark_rise_to_candleford.3x06.real.hdtv_xvid-fov.r10,14.31,M
/lark_rise_to_candleford.3x06.real.hdtv_xvid-fov.r11,14.31,M
/lark_rise_to_candleford.3x06.real.hdtv_xvid-fov.r12,14.31,M
/lark_rise_to_candleford.3x06.real.hdtv_xvid-fov.r13,14.31,M
/lark_rise_to_candleford.3x06.real.hdtv_xvid-fov.r14,14.31,M
/lark_rise_to_candleford.3x06.real.hdtv_xvid-fov.r15,14.31,M
/lark_rise_to_candleford.3x06.real.hdtv_xvid-fov.r16,14.31,M
/lark_rise_to_candleford.3x06.real.hdtv_xvid-fov.r17,14.31,M
/lark_rise_to_candleford.3x06.real.hdtv_xvid-fov.r18,14.31,M
/lark_rise_to_candleford.3x06.real.hdtv_xvid-fov.r19,14.31,M
/lark_rise_to_candleford.3x06.real.hdtv_xvid-fov.r20,14.31,M
/lark_rise_to_candleford.3x06.real.hdtv_xvid-fov.r21,14.31,M
/lark_rise_to_candleford.3x06.real.hdtv_xvid-fov.r22,14.31,M
/lark_rise_to_candleford.3x06.real.hdtv_xvid-fov.r23,14.31,M
/lark_rise_to_candleford.3x06.real.hdtv_xvid-fov.r24,14.31,M
/lark_rise_to_candleford.3x06.real.hdtv_xvid-fov.r25,14.31,M
/lark_rise_to_candleford.3x06.real.hdtv_xvid-fov.r26,14.31,M
/lark_rise_to_candleford.3x06.real.hdtv_xvid-fov.r27,14.31,M
/lark_rise_to_candleford.3x06.real.hdtv_xvid-fov.r28,14.31,M
/lark_rise_to_candleford.3x06.real.hdtv_xvid-fov.r29,14.31,M
/lark_rise_to_candleford.3x06.real.hdtv_xvid-fov.r30,14.31,M
/lark_rise_to_candleford.3x06.real.hdtv_xvid-fov.r31,14.31,M
/lark_rise_to_candleford.3x06.real.hdtv_xvid-fov.r32,14.31,M
/lark_rise_to_candleford.3x06.real.hdtv_xvid-fov.r33,14.31,M
/lark_rise_to_candleford.3x06.real.hdtv_xvid-fov.r34,14.31,M
/lark_rise_to_candleford.3x06.real.hdtv_xvid-fov.r35,14.31,M
/lark_rise_to_candleford.3x06.real.hdtv_xvid-fov.r36,14.31,M
/lark_rise_to_candleford.3x06.real.hdtv_xvid-fov.r37,11.78,M
/lark_rise_to_candleford.3x06.real.hdtv_xvid-fov.rar,14.31,M
/lark_rise_to_candleford.3x06.real.hdtv_xvid-fov.sfv,2.36,K
/Read-Me.txt,402,B
/www.torrentday.com.txt,402,B
