Filename,Size,Unit
Rita.Rocks.S02E03.Nothings.Gonna.Change.My.World.HDTV.XviD-FQM.avi,174.86,M
