Filename,Size,Unit
SeeHerSquirt.com - Kylie Wild.wmv,82.17,M
