Filename,Size,Unit
Investi.frontal.jpg,53.09,K
Investigacion.Y.Ciencia.Octubre.2010.PDF.by.chuska.{www.cantabriatorrent.net}.pdf,147.04,M
LEEME.txt,55,B
