Filename,Size,Unit
/There's Something About St Tropez.mp3,205.38,M
/AdlerElizabeth-TheresSomethingAbout.jpg,35.27,K
/Torrent downloaded from Demonoid.com.txt,47,B
