Filename,Size,Unit
Orthodox Hymns of the Holy Week in Greek by Gaitanos.zip,85.46,M
