Filename,Size,Unit
/Pics 8600/divinebitches 2010-05-12 Tommy Defendi-Hollie Stevens Dana DeArmond Seda (8600) 175.jpg,407.33,K
/Pics 8600/divinebitches 2010-05-12 Tommy Defendi-Hollie Stevens Dana DeArmond Seda (8600) 169.jpg,396.25,K
/Pics 8600/divinebitches 2010-05-12 Tommy Defendi-Hollie Stevens Dana DeArmond Seda (8600) 176.jpg,385.41,K
/Pics 8600/divinebitches 2010-05-12 Tommy Defendi-Hollie Stevens Dana DeArmond Seda (8600) 042.jpg,360.75,K
/Pics 8600/divinebitches 2010-05-12 Tommy Defendi-Hollie Stevens Dana DeArmond Seda (8600) 150.jpg,360.21,K
/Pics 8600/divinebitches 2010-05-12 Tommy Defendi-Hollie Stevens Dana DeArmond Seda (8600) 023.jpg,358.99,K
/Pics 8600/divinebitches 2010-05-12 Tommy Defendi-Hollie Stevens Dana DeArmond Seda (8600) 022.jpg,358.06,K
/Pics 8600/divinebitches 2010-05-12 Tommy Defendi-Hollie Stevens Dana DeArmond Seda (8600) 231.jpg,356.92,K
/Pics 8600/divinebitches 2010-05-12 Tommy Defendi-Hollie Stevens Dana DeArmond Seda (8600) 028.jpg,355.78,K
/Pics 8600/divinebitches 2010-05-12 Tommy Defendi-Hollie Stevens Dana DeArmond Seda (8600) 003.jpg,354.98,K
/Pics 8600/divinebitches 2010-05-12 Tommy Defendi-Hollie Stevens Dana DeArmond Seda (8600) 043.jpg,354.71,K
/Pics 8600/divinebitches 2010-05-12 Tommy Defendi-Hollie Stevens Dana DeArmond Seda (8600) 275.jpg,350.85,K
/Pics 8600/divinebitches 2010-05-12 Tommy Defendi-Hollie Stevens Dana DeArmond Seda (8600) 046.jpg,350.03,K
/Pics 8600/divinebitches 2010-05-12 Tommy Defendi-Hollie Stevens Dana DeArmond Seda (8600) 008.jpg,347.88,K
/Pics 8600/divinebitches 2010-05-12 Tommy Defendi-Hollie Stevens Dana DeArmond Seda (8600) 021.jpg,346.25,K
/Pics 8600/divinebitches 2010-05-12 Tommy Defendi-Hollie Stevens Dana DeArmond Seda (8600) 026.jpg,345.41,K
/Pics 8600/divinebitches 2010-05-12 Tommy Defendi-Hollie Stevens Dana DeArmond Seda (8600) 157.jpg,345.22,K
/Pics 8600/divinebitches 2010-05-12 Tommy Defendi-Hollie Stevens Dana DeArmond Seda (8600) 011.jpg,340.57,K
/Pics 8600/divinebitches 2010-05-12 Tommy Defendi-Hollie Stevens Dana DeArmond Seda (8600) 063.jpg,340.37,K
/Pics 8600/divinebitches 2010-05-12 Tommy Defendi-Hollie Stevens Dana DeArmond Seda (8600) 119.jpg,339.64,K
/Pics 8600/divinebitches 2010-05-12 Tommy Defendi-Hollie Stevens Dana DeArmond Seda (8600) 007.jpg,338.68,K
/Pics 8600/divinebitches 2010-05-12 Tommy Defendi-Hollie Stevens Dana DeArmond Seda (8600) 025.jpg,338.63,K
/Pics 8600/divinebitches 2010-05-12 Tommy Defendi-Hollie Stevens Dana DeArmond Seda (8600) 002.jpg,337.86,K
/Pics 8600/divinebitches 2010-05-12 Tommy Defendi-Hollie Stevens Dana DeArmond Seda (8600) 017.jpg,336.78,K
/Pics 8600/divinebitches 2010-05-12 Tommy Defendi-Hollie Stevens Dana DeArmond Seda (8600) 148.jpg,336.11,K
/Pics 8600/divinebitches 2010-05-12 Tommy Defendi-Hollie Stevens Dana DeArmond Seda (8600) 019.jpg,335.94,K
/Pics 8600/divinebitches 2010-05-12 Tommy Defendi-Hollie Stevens Dana DeArmond Seda (8600) 051.jpg,334.85,K
/Pics 8600/divinebitches 2010-05-12 Tommy Defendi-Hollie Stevens Dana DeArmond Seda (8600) 149.jpg,333.6,K
/Pics 8600/divinebitches 2010-05-12 Tommy Defendi-Hollie Stevens Dana DeArmond Seda (8600) 037.jpg,333.33,K
/Pics 8600/divinebitches 2010-05-12 Tommy Defendi-Hollie Stevens Dana DeArmond Seda (8600) 004.jpg,332.36,K
/Pics 8600/divinebitches 2010-05-12 Tommy Defendi-Hollie Stevens Dana DeArmond Seda (8600) 053.jpg,329.06,K
/Pics 8600/divinebitches 2010-05-12 Tommy Defendi-Hollie Stevens Dana DeArmond Seda (8600) 075.jpg,327.56,K
/Pics 8600/divinebitches 2010-05-12 Tommy Defendi-Hollie Stevens Dana DeArmond Seda (8600) 161.jpg,325.79,K
/Pics 8600/divinebitches 2010-05-12 Tommy Defendi-Hollie Stevens Dana DeArmond Seda (8600) 068.jpg,324.57,K
/Pics 8600/divinebitches 2010-05-12 Tommy Defendi-Hollie Stevens Dana DeArmond Seda (8600) 066.jpg,324.54,K
/Pics 8600/divinebitches 2010-05-12 Tommy Defendi-Hollie Stevens Dana DeArmond Seda (8600) 041.jpg,324.12,K
/Pics 8600/divinebitches 2010-05-12 Tommy Defendi-Hollie Stevens Dana DeArmond Seda (8600) 071.jpg,322.87,K
/Pics 8600/divinebitches 2010-05-12 Tommy Defendi-Hollie Stevens Dana DeArmond Seda (8600) 024.jpg,322.75,K
/Pics 8600/divinebitches 2010-05-12 Tommy Defendi-Hollie Stevens Dana DeArmond Seda (8600) 060.jpg,322.51,K
/Pics 8600/divinebitches 2010-05-12 Tommy Defendi-Hollie Stevens Dana DeArmond Seda (8600) 064.jpg,322.23,K
/Pics 8600/divinebitches 2010-05-12 Tommy Defendi-Hollie Stevens Dana DeArmond Seda (8600) 010.jpg,322.21,K
/Pics 8600/divinebitches 2010-05-12 Tommy Defendi-Hollie Stevens Dana DeArmond Seda (8600) 033.jpg,322.18,K
/Pics 8600/divinebitches 2010-05-12 Tommy Defendi-Hollie Stevens Dana DeArmond Seda (8600) 001.jpg,321.97,K
/Pics 8600/divinebitches 2010-05-12 Tommy Defendi-Hollie Stevens Dana DeArmond Seda (8600) 062.jpg,320.91,K
/Pics 8600/divinebitches 2010-05-12 Tommy Defendi-Hollie Stevens Dana DeArmond Seda (8600) 297.jpg,319.63,K
/Pics 8600/divinebitches 2010-05-12 Tommy Defendi-Hollie Stevens Dana DeArmond Seda (8600) 065.jpg,319.45,K
/Pics 8600/divinebitches 2010-05-12 Tommy Defendi-Hollie Stevens Dana DeArmond Seda (8600) 027.jpg,319.44,K
/Pics 8600/divinebitches 2010-05-12 Tommy Defendi-Hollie Stevens Dana DeArmond Seda (8600) 220.jpg,319.4,K
/Pics 8600/divinebitches 2010-05-12 Tommy Defendi-Hollie Stevens Dana DeArmond Seda (8600) 044.jpg,318.51,K
/Pics 8600/divinebitches 2010-05-12 Tommy Defendi-Hollie Stevens Dana DeArmond Seda (8600) 074.jpg,318.44,K
/Pics 8600/divinebitches 2010-05-12 Tommy Defendi-Hollie Stevens Dana DeArmond Seda (8600) 069.jpg,318.27,K
/Pics 8600/divinebitches 2010-05-12 Tommy Defendi-Hollie Stevens Dana DeArmond Seda (8600) 242.jpg,317.26,K
/Pics 8600/divinebitches 2010-05-12 Tommy Defendi-Hollie Stevens Dana DeArmond Seda (8600) 298.jpg,316.6,K
/Pics 8600/divinebitches 2010-05-12 Tommy Defendi-Hollie Stevens Dana DeArmond Seda (8600) 006.jpg,316.4,K
/Pics 8600/divinebitches 2010-05-12 Tommy Defendi-Hollie Stevens Dana DeArmond Seda (8600) 072.jpg,315.68,K
/Pics 8600/divinebitches 2010-05-12 Tommy Defendi-Hollie Stevens Dana DeArmond Seda (8600) 077.jpg,314.65,K
/Pics 8600/divinebitches 2010-05-12 Tommy Defendi-Hollie Stevens Dana DeArmond Seda (8600) 040.jpg,312.33,K
/Pics 8600/divinebitches 2010-05-12 Tommy Defendi-Hollie Stevens Dana DeArmond Seda (8600) 009.jpg,311.69,K
/Pics 8600/divinebitches 2010-05-12 Tommy Defendi-Hollie Stevens Dana DeArmond Seda (8600) 289.jpg,310.93,K
/Pics 8600/divinebitches 2010-05-12 Tommy Defendi-Hollie Stevens Dana DeArmond Seda (8600) 162.jpg,310.29,K
/Pics 8600/divinebitches 2010-05-12 Tommy Defendi-Hollie Stevens Dana DeArmond Seda (8600) 016.jpg,310.07,K
/Pics 8600/divinebitches 2010-05-12 Tommy Defendi-Hollie Stevens Dana DeArmond Seda (8600) 233.jpg,309.57,K
/Pics 8600/divinebitches 2010-05-12 Tommy Defendi-Hollie Stevens Dana DeArmond Seda (8600) 005.jpg,309.42,K
/Pics 8600/divinebitches 2010-05-12 Tommy Defendi-Hollie Stevens Dana DeArmond Seda (8600) 067.jpg,309.37,K
/Pics 8600/divinebitches 2010-05-12 Tommy Defendi-Hollie Stevens Dana DeArmond Seda (8600) 078.jpg,308.66,K
/Pics 8600/divinebitches 2010-05-12 Tommy Defendi-Hollie Stevens Dana DeArmond Seda (8600) 047.jpg,306.92,K
/Pics 8600/divinebitches 2010-05-12 Tommy Defendi-Hollie Stevens Dana DeArmond Seda (8600) 052.jpg,305.38,K
/Pics 8600/divinebitches 2010-05-12 Tommy Defendi-Hollie Stevens Dana DeArmond Seda (8600) 076.jpg,304.69,K
/Pics 8600/divinebitches 2010-05-12 Tommy Defendi-Hollie Stevens Dana DeArmond Seda (8600) 070.jpg,303.89,K
/Pics 8600/divinebitches 2010-05-12 Tommy Defendi-Hollie Stevens Dana DeArmond Seda (8600) 014.jpg,303.78,K
/Pics 8600/divinebitches 2010-05-12 Tommy Defendi-Hollie Stevens Dana DeArmond Seda (8600) 239.jpg,302.84,K
/Pics 8600/divinebitches 2010-05-12 Tommy Defendi-Hollie Stevens Dana DeArmond Seda (8600) 030.jpg,302.31,K
/Pics 8600/divinebitches 2010-05-12 Tommy Defendi-Hollie Stevens Dana DeArmond Seda (8600) 050.jpg,299.24,K
/Pics 8600/divinebitches 2010-05-12 Tommy Defendi-Hollie Stevens Dana DeArmond Seda (8600) 201.jpg,298.61,K
/Pics 8600/divinebitches 2010-05-12 Tommy Defendi-Hollie Stevens Dana DeArmond Seda (8600) 061.jpg,298.25,K
/Pics 8600/divinebitches 2010-05-12 Tommy Defendi-Hollie Stevens Dana DeArmond Seda (8600) 012.jpg,297.27,K
/Pics 8600/divinebitches 2010-05-12 Tommy Defendi-Hollie Stevens Dana DeArmond Seda (8600) 087.jpg,296.93,K
/Pics 8600/divinebitches 2010-05-12 Tommy Defendi-Hollie Stevens Dana DeArmond Seda (8600) 147.jpg,296.72,K
/Pics 8600/divinebitches 2010-05-12 Tommy Defendi-Hollie Stevens Dana DeArmond Seda (8600) 261.jpg,296.68,K
/Pics 8600/divinebitches 2010-05-12 Tommy Defendi-Hollie Stevens Dana DeArmond Seda (8600) 031.jpg,295.3,K
/Pics 8600/divinebitches 2010-05-12 Tommy Defendi-Hollie Stevens Dana DeArmond Seda (8600) 073.jpg,294.49,K
/Pics 8600/divinebitches 2010-05-12 Tommy Defendi-Hollie Stevens Dana DeArmond Seda (8600) 189.jpg,294.12,K
/Pics 8600/divinebitches 2010-05-12 Tommy Defendi-Hollie Stevens Dana DeArmond Seda (8600) 123.jpg,291.15,K
/Pics 8600/divinebitches 2010-05-12 Tommy Defendi-Hollie Stevens Dana DeArmond Seda (8600) 057.jpg,290.4,K
/Pics 8600/divinebitches 2010-05-12 Tommy Defendi-Hollie Stevens Dana DeArmond Seda (8600) 092.jpg,289.49,K
/Pics 8600/divinebitches 2010-05-12 Tommy Defendi-Hollie Stevens Dana DeArmond Seda (8600) 020.jpg,288.84,K
/Pics 8600/divinebitches 2010-05-12 Tommy Defendi-Hollie Stevens Dana DeArmond Seda (8600) 300.jpg,287.78,K
/Pics 8600/divinebitches 2010-05-12 Tommy Defendi-Hollie Stevens Dana DeArmond Seda (8600) 184.jpg,287.49,K
/Pics 8600/divinebitches 2010-05-12 Tommy Defendi-Hollie Stevens Dana DeArmond Seda (8600) 278.jpg,285.06,K
/Pics 8600/divinebitches 2010-05-12 Tommy Defendi-Hollie Stevens Dana DeArmond Seda (8600) 191.jpg,285,K
/Pics 8600/divinebitches 2010-05-12 Tommy Defendi-Hollie Stevens Dana DeArmond Seda (8600) 279.jpg,284.6,K
/Pics 8600/divinebitches 2010-05-12 Tommy Defendi-Hollie Stevens Dana DeArmond Seda (8600) 084.jpg,284.53,K
/Pics 8600/divinebitches 2010-05-12 Tommy Defendi-Hollie Stevens Dana DeArmond Seda (8600) 085.jpg,284.28,K
/Pics 8600/divinebitches 2010-05-12 Tommy Defendi-Hollie Stevens Dana DeArmond Seda (8600) 032.jpg,284.04,K
/Pics 8600/divinebitches 2010-05-12 Tommy Defendi-Hollie Stevens Dana DeArmond Seda (8600) 143.jpg,283.87,K
/Pics 8600/divinebitches 2010-05-12 Tommy Defendi-Hollie Stevens Dana DeArmond Seda (8600) 299.jpg,283.75,K
/Pics 8600/divinebitches 2010-05-12 Tommy Defendi-Hollie Stevens Dana DeArmond Seda (8600) 099.jpg,283.08,K
/Pics 8600/divinebitches 2010-05-12 Tommy Defendi-Hollie Stevens Dana DeArmond Seda (8600) 284.jpg,282.64,K
/Pics 8600/divinebitches 2010-05-12 Tommy Defendi-Hollie Stevens Dana DeArmond Seda (8600) 210.jpg,282.37,K
/Pics 8600/divinebitches 2010-05-12 Tommy Defendi-Hollie Stevens Dana DeArmond Seda (8600) 211.jpg,282.12,K
/Pics 8600/divinebitches 2010-05-12 Tommy Defendi-Hollie Stevens Dana DeArmond Seda (8600) 260.jpg,281.94,K
/Pics 8600/divinebitches 2010-05-12 Tommy Defendi-Hollie Stevens Dana DeArmond Seda (8600) 193.jpg,281.51,K
/Pics 8600/divinebitches 2010-05-12 Tommy Defendi-Hollie Stevens Dana DeArmond Seda (8600) 263.jpg,280.35,K
/Pics 8600/divinebitches 2010-05-12 Tommy Defendi-Hollie Stevens Dana DeArmond Seda (8600) 038.jpg,279.09,K
/Pics 8600/divinebitches 2010-05-12 Tommy Defendi-Hollie Stevens Dana DeArmond Seda (8600) 110.jpg,278.59,K
/Pics 8600/divinebitches 2010-05-12 Tommy Defendi-Hollie Stevens Dana DeArmond Seda (8600) 247.jpg,278.56,K
/Pics 8600/divinebitches 2010-05-12 Tommy Defendi-Hollie Stevens Dana DeArmond Seda (8600) 142.jpg,278.16,K
/Pics 8600/divinebitches 2010-05-12 Tommy Defendi-Hollie Stevens Dana DeArmond Seda (8600) 048.jpg,276.44,K
/Pics 8600/divinebitches 2010-05-12 Tommy Defendi-Hollie Stevens Dana DeArmond Seda (8600) 056.jpg,276.37,K
/Pics 8600/divinebitches 2010-05-12 Tommy Defendi-Hollie Stevens Dana DeArmond Seda (8600) 139.jpg,276.15,K
/Pics 8600/divinebitches 2010-05-12 Tommy Defendi-Hollie Stevens Dana DeArmond Seda (8600) 130.jpg,275.84,K
/Pics 8600/divinebitches 2010-05-12 Tommy Defendi-Hollie Stevens Dana DeArmond Seda (8600) 155.jpg,275.74,K
/Pics 8600/divinebitches 2010-05-12 Tommy Defendi-Hollie Stevens Dana DeArmond Seda (8600) 094.jpg,274.94,K
/Pics 8600/divinebitches 2010-05-12 Tommy Defendi-Hollie Stevens Dana DeArmond Seda (8600) 236.jpg,274.34,K
/Pics 8600/divinebitches 2010-05-12 Tommy Defendi-Hollie Stevens Dana DeArmond Seda (8600) 243.jpg,274.12,K
/Pics 8600/divinebitches 2010-05-12 Tommy Defendi-Hollie Stevens Dana DeArmond Seda (8600) 288.jpg,273.49,K
/Pics 8600/divinebitches 2010-05-12 Tommy Defendi-Hollie Stevens Dana DeArmond Seda (8600) 293.jpg,273.46,K
/Pics 8600/divinebitches 2010-05-12 Tommy Defendi-Hollie Stevens Dana DeArmond Seda (8600) 232.jpg,273.34,K
/Pics 8600/divinebitches 2010-05-12 Tommy Defendi-Hollie Stevens Dana DeArmond Seda (8600) 262.jpg,272.85,K
/Pics 8600/divinebitches 2010-05-12 Tommy Defendi-Hollie Stevens Dana DeArmond Seda (8600) 015.jpg,272.5,K
/Pics 8600/divinebitches 2010-05-12 Tommy Defendi-Hollie Stevens Dana DeArmond Seda (8600) 049.jpg,272.11,K
/Pics 8600/divinebitches 2010-05-12 Tommy Defendi-Hollie Stevens Dana DeArmond Seda (8600) 154.jpg,272.01,K
/Pics 8600/divinebitches 2010-05-12 Tommy Defendi-Hollie Stevens Dana DeArmond Seda (8600) 034.jpg,271.85,K
/Pics 8600/divinebitches 2010-05-12 Tommy Defendi-Hollie Stevens Dana DeArmond Seda (8600) 226.jpg,271.77,K
/Pics 8600/divinebitches 2010-05-12 Tommy Defendi-Hollie Stevens Dana DeArmond Seda (8600) 202.jpg,271.58,K
/Pics 8600/divinebitches 2010-05-12 Tommy Defendi-Hollie Stevens Dana DeArmond Seda (8600) 079.jpg,271.21,K
/Pics 8600/divinebitches 2010-05-12 Tommy Defendi-Hollie Stevens Dana DeArmond Seda (8600) 039.jpg,270.98,K
/Pics 8600/divinebitches 2010-05-12 Tommy Defendi-Hollie Stevens Dana DeArmond Seda (8600) 204.jpg,270.8,K
/Pics 8600/divinebitches 2010-05-12 Tommy Defendi-Hollie Stevens Dana DeArmond Seda (8600) 029.jpg,270.77,K
/Pics 8600/divinebitches 2010-05-12 Tommy Defendi-Hollie Stevens Dana DeArmond Seda (8600) 093.jpg,270.62,K
/Pics 8600/divinebitches 2010-05-12 Tommy Defendi-Hollie Stevens Dana DeArmond Seda (8600) 234.jpg,269.54,K
/Pics 8600/divinebitches 2010-05-12 Tommy Defendi-Hollie Stevens Dana DeArmond Seda (8600) 245.jpg,269.25,K
/Pics 8600/divinebitches 2010-05-12 Tommy Defendi-Hollie Stevens Dana DeArmond Seda (8600) 267.jpg,268.89,K
/Pics 8600/divinebitches 2010-05-12 Tommy Defendi-Hollie Stevens Dana DeArmond Seda (8600) 250.jpg,268.85,K
/Pics 8600/divinebitches 2010-05-12 Tommy Defendi-Hollie Stevens Dana DeArmond Seda (8600) 253.jpg,268.53,K
/Pics 8600/divinebitches 2010-05-12 Tommy Defendi-Hollie Stevens Dana DeArmond Seda (8600) 229.jpg,268.22,K
/Pics 8600/divinebitches 2010-05-12 Tommy Defendi-Hollie Stevens Dana DeArmond Seda (8600) 035.jpg,268.13,K
/Pics 8600/divinebitches 2010-05-12 Tommy Defendi-Hollie Stevens Dana DeArmond Seda (8600) 238.jpg,267.64,K
/Pics 8600/divinebitches 2010-05-12 Tommy Defendi-Hollie Stevens Dana DeArmond Seda (8600) 248.jpg,266.77,K
/Pics 8600/divinebitches 2010-05-12 Tommy Defendi-Hollie Stevens Dana DeArmond Seda (8600) 146.jpg,266.16,K
/Pics 8600/divinebitches 2010-05-12 Tommy Defendi-Hollie Stevens Dana DeArmond Seda (8600) 168.jpg,265.95,K
/Pics 8600/divinebitches 2010-05-12 Tommy Defendi-Hollie Stevens Dana DeArmond Seda (8600) 018.jpg,265.36,K
/Pics 8600/divinebitches 2010-05-12 Tommy Defendi-Hollie Stevens Dana DeArmond Seda (8600) 100.jpg,264.98,K
/Pics 8600/divinebitches 2010-05-12 Tommy Defendi-Hollie Stevens Dana DeArmond Seda (8600) 045.jpg,264.5,K
/Pics 8600/divinebitches 2010-05-12 Tommy Defendi-Hollie Stevens Dana DeArmond Seda (8600) 272.jpg,263.85,K
/Pics 8600/divinebitches 2010-05-12 Tommy Defendi-Hollie Stevens Dana DeArmond Seda (8600) 055.jpg,263.23,K
/Pics 8600/divinebitches 2010-05-12 Tommy Defendi-Hollie Stevens Dana DeArmond Seda (8600) 095.jpg,262.91,K
/Pics 8600/divinebitches 2010-05-12 Tommy Defendi-Hollie Stevens Dana DeArmond Seda (8600) 122.jpg,262.87,K
/Pics 8600/divinebitches 2010-05-12 Tommy Defendi-Hollie Stevens Dana DeArmond Seda (8600) 291.jpg,262.81,K
/Pics 8600/divinebitches 2010-05-12 Tommy Defendi-Hollie Stevens Dana DeArmond Seda (8600) 054.jpg,262.65,K
/Pics 8600/divinebitches 2010-05-12 Tommy Defendi-Hollie Stevens Dana DeArmond Seda (8600) 292.jpg,262.63,K
/Pics 8600/divinebitches 2010-05-12 Tommy Defendi-Hollie Stevens Dana DeArmond Seda (8600) 286.jpg,261.95,K
/Pics 8600/divinebitches 2010-05-12 Tommy Defendi-Hollie Stevens Dana DeArmond Seda (8600) 091.jpg,261.78,K
/Pics 8600/divinebitches 2010-05-12 Tommy Defendi-Hollie Stevens Dana DeArmond Seda (8600) 156.jpg,261.41,K
/Pics 8600/divinebitches 2010-05-12 Tommy Defendi-Hollie Stevens Dana DeArmond Seda (8600) 181.jpg,260.54,K
/Pics 8600/divinebitches 2010-05-12 Tommy Defendi-Hollie Stevens Dana DeArmond Seda (8600) 163.jpg,260.41,K
/Pics 8600/divinebitches 2010-05-12 Tommy Defendi-Hollie Stevens Dana DeArmond Seda (8600) 237.jpg,260.2,K
/Pics 8600/divinebitches 2010-05-12 Tommy Defendi-Hollie Stevens Dana DeArmond Seda (8600) 036.jpg,259.41,K
/Pics 8600/divinebitches 2010-05-12 Tommy Defendi-Hollie Stevens Dana DeArmond Seda (8600) 271.jpg,258.91,K
/Pics 8600/divinebitches 2010-05-12 Tommy Defendi-Hollie Stevens Dana DeArmond Seda (8600) 137.jpg,258.63,K
/Pics 8600/divinebitches 2010-05-12 Tommy Defendi-Hollie Stevens Dana DeArmond Seda (8600) 264.jpg,258.62,K
/Pics 8600/divinebitches 2010-05-12 Tommy Defendi-Hollie Stevens Dana DeArmond Seda (8600) 266.jpg,258.15,K
/Pics 8600/divinebitches 2010-05-12 Tommy Defendi-Hollie Stevens Dana DeArmond Seda (8600) 080.jpg,257.99,K
/Pics 8600/divinebitches 2010-05-12 Tommy Defendi-Hollie Stevens Dana DeArmond Seda (8600) 145.jpg,257.63,K
/Pics 8600/divinebitches 2010-05-12 Tommy Defendi-Hollie Stevens Dana DeArmond Seda (8600) 195.jpg,257.5,K
/Pics 8600/divinebitches 2010-05-12 Tommy Defendi-Hollie Stevens Dana DeArmond Seda (8600) 171.jpg,257.27,K
/Pics 8600/divinebitches 2010-05-12 Tommy Defendi-Hollie Stevens Dana DeArmond Seda (8600) 124.jpg,256.48,K
/Pics 8600/divinebitches 2010-05-12 Tommy Defendi-Hollie Stevens Dana DeArmond Seda (8600) 172.jpg,256.25,K
/Pics 8600/divinebitches 2010-05-12 Tommy Defendi-Hollie Stevens Dana DeArmond Seda (8600) 144.jpg,256.01,K
/Pics 8600/divinebitches 2010-05-12 Tommy Defendi-Hollie Stevens Dana DeArmond Seda (8600) 115.jpg,255.69,K
/Pics 8600/divinebitches 2010-05-12 Tommy Defendi-Hollie Stevens Dana DeArmond Seda (8600) 287.jpg,255.4,K
/Pics 8600/divinebitches 2010-05-12 Tommy Defendi-Hollie Stevens Dana DeArmond Seda (8600) 128.jpg,254.96,K
/Pics 8600/divinebitches 2010-05-12 Tommy Defendi-Hollie Stevens Dana DeArmond Seda (8600) 096.jpg,254.96,K
/Pics 8600/divinebitches 2010-05-12 Tommy Defendi-Hollie Stevens Dana DeArmond Seda (8600) 294.jpg,254.69,K
/Pics 8600/divinebitches 2010-05-12 Tommy Defendi-Hollie Stevens Dana DeArmond Seda (8600) 082.jpg,253.91,K
/Pics 8600/divinebitches 2010-05-12 Tommy Defendi-Hollie Stevens Dana DeArmond Seda (8600) 097.jpg,253.72,K
/Pics 8600/divinebitches 2010-05-12 Tommy Defendi-Hollie Stevens Dana DeArmond Seda (8600) 228.jpg,253.72,K
/Pics 8600/divinebitches 2010-05-12 Tommy Defendi-Hollie Stevens Dana DeArmond Seda (8600) 141.jpg,253.59,K
/Pics 8600/divinebitches 2010-05-12 Tommy Defendi-Hollie Stevens Dana DeArmond Seda (8600) 190.jpg,253.46,K
/Pics 8600/divinebitches 2010-05-12 Tommy Defendi-Hollie Stevens Dana DeArmond Seda (8600) 101.jpg,253.33,K
/Pics 8600/divinebitches 2010-05-12 Tommy Defendi-Hollie Stevens Dana DeArmond Seda (8600) 276.jpg,253.02,K
/Pics 8600/divinebitches 2010-05-12 Tommy Defendi-Hollie Stevens Dana DeArmond Seda (8600) 151.jpg,252.88,K
/Pics 8600/divinebitches 2010-05-12 Tommy Defendi-Hollie Stevens Dana DeArmond Seda (8600) 108.jpg,252.65,K
/Pics 8600/divinebitches 2010-05-12 Tommy Defendi-Hollie Stevens Dana DeArmond Seda (8600) 183.jpg,252.31,K
/Pics 8600/divinebitches 2010-05-12 Tommy Defendi-Hollie Stevens Dana DeArmond Seda (8600) 090.jpg,251.8,K
/Pics 8600/divinebitches 2010-05-12 Tommy Defendi-Hollie Stevens Dana DeArmond Seda (8600) 241.jpg,251.49,K
/Pics 8600/divinebitches 2010-05-12 Tommy Defendi-Hollie Stevens Dana DeArmond Seda (8600) 098.jpg,250.93,K
/Pics 8600/divinebitches 2010-05-12 Tommy Defendi-Hollie Stevens Dana DeArmond Seda (8600) 270.jpg,250.82,K
/Pics 8600/divinebitches 2010-05-12 Tommy Defendi-Hollie Stevens Dana DeArmond Seda (8600) 118.jpg,250.44,K
/Pics 8600/divinebitches 2010-05-12 Tommy Defendi-Hollie Stevens Dana DeArmond Seda (8600) 134.jpg,250.22,K
/Pics 8600/divinebitches 2010-05-12 Tommy Defendi-Hollie Stevens Dana DeArmond Seda (8600) 192.jpg,248.92,K
/Pics 8600/divinebitches 2010-05-12 Tommy Defendi-Hollie Stevens Dana DeArmond Seda (8600) 235.jpg,248.56,K
/Pics 8600/divinebitches 2010-05-12 Tommy Defendi-Hollie Stevens Dana DeArmond Seda (8600) 121.jpg,246.2,K
/Pics 8600/divinebitches 2010-05-12 Tommy Defendi-Hollie Stevens Dana DeArmond Seda (8600) 244.jpg,245.17,K
/Pics 8600/divinebitches 2010-05-12 Tommy Defendi-Hollie Stevens Dana DeArmond Seda (8600) 280.jpg,244.73,K
/Pics 8600/divinebitches 2010-05-12 Tommy Defendi-Hollie Stevens Dana DeArmond Seda (8600) 240.jpg,244.13,K
/Pics 8600/divinebitches 2010-05-12 Tommy Defendi-Hollie Stevens Dana DeArmond Seda (8600) 197.jpg,243.5,K
/Pics 8600/divinebitches 2010-05-12 Tommy Defendi-Hollie Stevens Dana DeArmond Seda (8600) 102.jpg,243.13,K
/Pics 8600/divinebitches 2010-05-12 Tommy Defendi-Hollie Stevens Dana DeArmond Seda (8600) 196.jpg,242.68,K
/Pics 8600/divinebitches 2010-05-12 Tommy Defendi-Hollie Stevens Dana DeArmond Seda (8600) 198.jpg,240.92,K
/Pics 8600/divinebitches 2010-05-12 Tommy Defendi-Hollie Stevens Dana DeArmond Seda (8600) 281.jpg,240.86,K
/Pics 8600/divinebitches 2010-05-12 Tommy Defendi-Hollie Stevens Dana DeArmond Seda (8600) 265.jpg,240.47,K
/Pics 8600/divinebitches 2010-05-12 Tommy Defendi-Hollie Stevens Dana DeArmond Seda (8600) 205.jpg,240.27,K
/Pics 8600/divinebitches 2010-05-12 Tommy Defendi-Hollie Stevens Dana DeArmond Seda (8600) 255.jpg,240.02,K
/Pics 8600/divinebitches 2010-05-12 Tommy Defendi-Hollie Stevens Dana DeArmond Seda (8600) 246.jpg,239.53,K
/Pics 8600/divinebitches 2010-05-12 Tommy Defendi-Hollie Stevens Dana DeArmond Seda (8600) 230.jpg,238.46,K
/Pics 8600/divinebitches 2010-05-12 Tommy Defendi-Hollie Stevens Dana DeArmond Seda (8600) 058.jpg,238.15,K
/Pics 8600/divinebitches 2010-05-12 Tommy Defendi-Hollie Stevens Dana DeArmond Seda (8600) 120.jpg,237.87,K
/Pics 8600/divinebitches 2010-05-12 Tommy Defendi-Hollie Stevens Dana DeArmond Seda (8600) 059.jpg,236.69,K
/Pics 8600/divinebitches 2010-05-12 Tommy Defendi-Hollie Stevens Dana DeArmond Seda (8600) 103.jpg,236.38,K
/Pics 8600/divinebitches 2010-05-12 Tommy Defendi-Hollie Stevens Dana DeArmond Seda (8600) 153.jpg,236.03,K
/Pics 8600/divinebitches 2010-05-12 Tommy Defendi-Hollie Stevens Dana DeArmond Seda (8600) 126.jpg,235.97,K
/Pics 8600/divinebitches 2010-05-12 Tommy Defendi-Hollie Stevens Dana DeArmond Seda (8600) 114.jpg,235.75,K
/Pics 8600/divinebitches 2010-05-12 Tommy Defendi-Hollie Stevens Dana DeArmond Seda (8600) 214.jpg,235.43,K
/Pics 8600/divinebitches 2010-05-12 Tommy Defendi-Hollie Stevens Dana DeArmond Seda (8600) 081.jpg,234.91,K
/Pics 8600/divinebitches 2010-05-12 Tommy Defendi-Hollie Stevens Dana DeArmond Seda (8600) 152.jpg,234.24,K
/Pics 8600/divinebitches 2010-05-12 Tommy Defendi-Hollie Stevens Dana DeArmond Seda (8600) 104.jpg,233.39,K
/Pics 8600/divinebitches 2010-05-12 Tommy Defendi-Hollie Stevens Dana DeArmond Seda (8600) 086.jpg,233.26,K
/Pics 8600/divinebitches 2010-05-12 Tommy Defendi-Hollie Stevens Dana DeArmond Seda (8600) 136.jpg,232.72,K
/Pics 8600/divinebitches 2010-05-12 Tommy Defendi-Hollie Stevens Dana DeArmond Seda (8600) 249.jpg,232,K
/Pics 8600/divinebitches 2010-05-12 Tommy Defendi-Hollie Stevens Dana DeArmond Seda (8600) 113.jpg,230.66,K
/Pics 8600/divinebitches 2010-05-12 Tommy Defendi-Hollie Stevens Dana DeArmond Seda (8600) 217.jpg,230.59,K
/Pics 8600/divinebitches 2010-05-12 Tommy Defendi-Hollie Stevens Dana DeArmond Seda (8600) 206.jpg,230.5,K
/Pics 8600/divinebitches 2010-05-12 Tommy Defendi-Hollie Stevens Dana DeArmond Seda (8600) 174.jpg,230.49,K
/Pics 8600/divinebitches 2010-05-12 Tommy Defendi-Hollie Stevens Dana DeArmond Seda (8600) 170.jpg,230.05,K
/Pics 8600/divinebitches 2010-05-12 Tommy Defendi-Hollie Stevens Dana DeArmond Seda (8600) 013.jpg,229.68,K
/Pics 8600/divinebitches 2010-05-12 Tommy Defendi-Hollie Stevens Dana DeArmond Seda (8600) 140.jpg,229.61,K
/Pics 8600/divinebitches 2010-05-12 Tommy Defendi-Hollie Stevens Dana DeArmond Seda (8600) 133.jpg,229.16,K
/Pics 8600/divinebitches 2010-05-12 Tommy Defendi-Hollie Stevens Dana DeArmond Seda (8600) 194.jpg,229.04,K
/Pics 8600/divinebitches 2010-05-12 Tommy Defendi-Hollie Stevens Dana DeArmond Seda (8600) 127.jpg,228.98,K
/Pics 8600/divinebitches 2010-05-12 Tommy Defendi-Hollie Stevens Dana DeArmond Seda (8600) 166.jpg,228.82,K
/Pics 8600/divinebitches 2010-05-12 Tommy Defendi-Hollie Stevens Dana DeArmond Seda (8600) 212.jpg,227.87,K
/Pics 8600/divinebitches 2010-05-12 Tommy Defendi-Hollie Stevens Dana DeArmond Seda (8600) 182.jpg,227.7,K
/Pics 8600/divinebitches 2010-05-12 Tommy Defendi-Hollie Stevens Dana DeArmond Seda (8600) 186.jpg,227.56,K
/Pics 8600/divinebitches 2010-05-12 Tommy Defendi-Hollie Stevens Dana DeArmond Seda (8600) 273.jpg,227.5,K
/Pics 8600/divinebitches 2010-05-12 Tommy Defendi-Hollie Stevens Dana DeArmond Seda (8600) 254.jpg,226.82,K
/Pics 8600/divinebitches 2010-05-12 Tommy Defendi-Hollie Stevens Dana DeArmond Seda (8600) 107.jpg,226.81,K
/Pics 8600/divinebitches 2010-05-12 Tommy Defendi-Hollie Stevens Dana DeArmond Seda (8600) 105.jpg,226.79,K
/Pics 8600/divinebitches 2010-05-12 Tommy Defendi-Hollie Stevens Dana DeArmond Seda (8600) 117.jpg,226.56,K
/Pics 8600/divinebitches 2010-05-12 Tommy Defendi-Hollie Stevens Dana DeArmond Seda (8600) 180.jpg,226.26,K
/Pics 8600/divinebitches 2010-05-12 Tommy Defendi-Hollie Stevens Dana DeArmond Seda (8600) 132.jpg,225.27,K
/Pics 8600/divinebitches 2010-05-12 Tommy Defendi-Hollie Stevens Dana DeArmond Seda (8600) 129.jpg,223.38,K
/Pics 8600/divinebitches 2010-05-12 Tommy Defendi-Hollie Stevens Dana DeArmond Seda (8600) 088.jpg,223.37,K
/Pics 8600/divinebitches 2010-05-12 Tommy Defendi-Hollie Stevens Dana DeArmond Seda (8600) 125.jpg,223.2,K
/Pics 8600/divinebitches 2010-05-12 Tommy Defendi-Hollie Stevens Dana DeArmond Seda (8600) 089.jpg,223.12,K
/Pics 8600/divinebitches 2010-05-12 Tommy Defendi-Hollie Stevens Dana DeArmond Seda (8600) 203.jpg,221.74,K
/Pics 8600/divinebitches 2010-05-12 Tommy Defendi-Hollie Stevens Dana DeArmond Seda (8600) 290.jpg,221.3,K
/Pics 8600/divinebitches 2010-05-12 Tommy Defendi-Hollie Stevens Dana DeArmond Seda (8600) 283.jpg,221.2,K
/Pics 8600/divinebitches 2010-05-12 Tommy Defendi-Hollie Stevens Dana DeArmond Seda (8600) 131.jpg,220.78,K
/Pics 8600/divinebitches 2010-05-12 Tommy Defendi-Hollie Stevens Dana DeArmond Seda (8600) 227.jpg,220.61,K
/Pics 8600/divinebitches 2010-05-12 Tommy Defendi-Hollie Stevens Dana DeArmond Seda (8600) 187.jpg,220.14,K
/Pics 8600/divinebitches 2010-05-12 Tommy Defendi-Hollie Stevens Dana DeArmond Seda (8600) 160.jpg,219.71,K
/Pics 8600/divinebitches 2010-05-12 Tommy Defendi-Hollie Stevens Dana DeArmond Seda (8600) 295.jpg,219.44,K
/Pics 8600/divinebitches 2010-05-12 Tommy Defendi-Hollie Stevens Dana DeArmond Seda (8600) 218.jpg,218.89,K
/Pics 8600/divinebitches 2010-05-12 Tommy Defendi-Hollie Stevens Dana DeArmond Seda (8600) 106.jpg,218.3,K
/Pics 8600/divinebitches 2010-05-12 Tommy Defendi-Hollie Stevens Dana DeArmond Seda (8600) 251.jpg,216.89,K
/Pics 8600/divinebitches 2010-05-12 Tommy Defendi-Hollie Stevens Dana DeArmond Seda (8600) 173.jpg,215.4,K
/Pics 8600/divinebitches 2010-05-12 Tommy Defendi-Hollie Stevens Dana DeArmond Seda (8600) 282.jpg,214.59,K
/Pics 8600/divinebitches 2010-05-12 Tommy Defendi-Hollie Stevens Dana DeArmond Seda (8600) 213.jpg,214.51,K
/Pics 8600/divinebitches 2010-05-12 Tommy Defendi-Hollie Stevens Dana DeArmond Seda (8600) 109.jpg,214.18,K
/Pics 8600/divinebitches 2010-05-12 Tommy Defendi-Hollie Stevens Dana DeArmond Seda (8600) 296.jpg,213.86,K
/Pics 8600/divinebitches 2010-05-12 Tommy Defendi-Hollie Stevens Dana DeArmond Seda (8600) 208.jpg,213.16,K
/Pics 8600/divinebitches 2010-05-12 Tommy Defendi-Hollie Stevens Dana DeArmond Seda (8600) 209.jpg,212.68,K
/Pics 8600/divinebitches 2010-05-12 Tommy Defendi-Hollie Stevens Dana DeArmond Seda (8600) 165.jpg,211.67,K
/Pics 8600/divinebitches 2010-05-12 Tommy Defendi-Hollie Stevens Dana DeArmond Seda (8600) 167.jpg,211.21,K
/Pics 8600/divinebitches 2010-05-12 Tommy Defendi-Hollie Stevens Dana DeArmond Seda (8600) 116.jpg,210.44,K
/Pics 8600/divinebitches 2010-05-12 Tommy Defendi-Hollie Stevens Dana DeArmond Seda (8600) 083.jpg,210.38,K
/Pics 8600/divinebitches 2010-05-12 Tommy Defendi-Hollie Stevens Dana DeArmond Seda (8600) 112.jpg,209.57,K
/Pics 8600/divinebitches 2010-05-12 Tommy Defendi-Hollie Stevens Dana DeArmond Seda (8600) 179.jpg,209.34,K
/Pics 8600/divinebitches 2010-05-12 Tommy Defendi-Hollie Stevens Dana DeArmond Seda (8600) 159.jpg,208.64,K
/Pics 8600/divinebitches 2010-05-12 Tommy Defendi-Hollie Stevens Dana DeArmond Seda (8600) 188.jpg,208.64,K
/Pics 8600/divinebitches 2010-05-12 Tommy Defendi-Hollie Stevens Dana DeArmond Seda (8600) 111.jpg,208.36,K
/Pics 8600/divinebitches 2010-05-12 Tommy Defendi-Hollie Stevens Dana DeArmond Seda (8600) 207.jpg,206.71,K
/Pics 8600/divinebitches 2010-05-12 Tommy Defendi-Hollie Stevens Dana DeArmond Seda (8600) 257.jpg,206.4,K
/Pics 8600/divinebitches 2010-05-12 Tommy Defendi-Hollie Stevens Dana DeArmond Seda (8600) 158.jpg,205.48,K
/Pics 8600/divinebitches 2010-05-12 Tommy Defendi-Hollie Stevens Dana DeArmond Seda (8600) 258.jpg,205.18,K
/Pics 8600/divinebitches 2010-05-12 Tommy Defendi-Hollie Stevens Dana DeArmond Seda (8600) 252.jpg,204.74,K
/Pics 8600/divinebitches 2010-05-12 Tommy Defendi-Hollie Stevens Dana DeArmond Seda (8600) 219.jpg,204.2,K
/Pics 8600/divinebitches 2010-05-12 Tommy Defendi-Hollie Stevens Dana DeArmond Seda (8600) 135.jpg,203.52,K
/Pics 8600/divinebitches 2010-05-12 Tommy Defendi-Hollie Stevens Dana DeArmond Seda (8600) 274.jpg,202.1,K
/Pics 8600/divinebitches 2010-05-12 Tommy Defendi-Hollie Stevens Dana DeArmond Seda (8600) 268.jpg,198.92,K
/Pics 8600/divinebitches 2010-05-12 Tommy Defendi-Hollie Stevens Dana DeArmond Seda (8600) 200.jpg,198.33,K
/Pics 8600/divinebitches 2010-05-12 Tommy Defendi-Hollie Stevens Dana DeArmond Seda (8600) 285.jpg,192.64,K
/Pics 8600/divinebitches 2010-05-12 Tommy Defendi-Hollie Stevens Dana DeArmond Seda (8600) 259.jpg,189.21,K
/Pics 8600/divinebitches 2010-05-12 Tommy Defendi-Hollie Stevens Dana DeArmond Seda (8600) 277.jpg,188.99,K
/Pics 8600/divinebitches 2010-05-12 Tommy Defendi-Hollie Stevens Dana DeArmond Seda (8600) 215.jpg,185.74,K
/Pics 8600/divinebitches 2010-05-12 Tommy Defendi-Hollie Stevens Dana DeArmond Seda (8600) 225.jpg,185.61,K
/Pics 8600/divinebitches 2010-05-12 Tommy Defendi-Hollie Stevens Dana DeArmond Seda (8600) 256.jpg,184.35,K
/Pics 8600/divinebitches 2010-05-12 Tommy Defendi-Hollie Stevens Dana DeArmond Seda (8600) 164.jpg,183.89,K
/Pics 8600/divinebitches 2010-05-12 Tommy Defendi-Hollie Stevens Dana DeArmond Seda (8600) 223.jpg,182.81,K
/Pics 8600/divinebitches 2010-05-12 Tommy Defendi-Hollie Stevens Dana DeArmond Seda (8600) 216.jpg,181.35,K
/Pics 8600/divinebitches 2010-05-12 Tommy Defendi-Hollie Stevens Dana DeArmond Seda (8600) 224.jpg,180.53,K
/Pics 8600/divinebitches 2010-05-12 Tommy Defendi-Hollie Stevens Dana DeArmond Seda (8600) 222.jpg,177.14,K
/Pics 8600/divinebitches 2010-05-12 Tommy Defendi-Hollie Stevens Dana DeArmond Seda (8600) 199.jpg,174.29,K
/Pics 8600/divinebitches 2010-05-12 Tommy Defendi-Hollie Stevens Dana DeArmond Seda (8600) 221.jpg,174.19,K
/Pics 8600/divinebitches 2010-05-12 Tommy Defendi-Hollie Stevens Dana DeArmond Seda (8600) 185.jpg,171.79,K
/Pics 8600/divinebitches 2010-05-12 Tommy Defendi-Hollie Stevens Dana DeArmond Seda (8600) 269.jpg,171.29,K
/Pics 8600/divinebitches 2010-05-12 Tommy Defendi-Hollie Stevens Dana DeArmond Seda (8600) 178.jpg,170.73,K
/Pics 8600/divinebitches 2010-05-12 Tommy Defendi-Hollie Stevens Dana DeArmond Seda (8600) 177.jpg,168.45,K
/Pics 8600/divinebitches 2010-05-12 Tommy Defendi-Hollie Stevens Dana DeArmond Seda (8600) 138.jpg,157.86,K
/divinebitches 2010-05-12 Tommy Defendi-Hollie Stevens Dana DeArmond Seda (8600).wmv,675.43,M
