Filename,Size,Unit
download from www.scenetime.com.txt,134,B
Read This Guide Now.txt,134,B
the.impressions.show.with.culshaw.and.stephenson.2010.11.14.webrip.xvid-c4tv.nfo,2.2,K
the.impressions.show.with.culshaw.and.stephenson.2010.11.14.webrip.xvid-c4tv.r00,14.31,M
the.impressions.show.with.culshaw.and.stephenson.2010.11.14.webrip.xvid-c4tv.r01,14.31,M
the.impressions.show.with.culshaw.and.stephenson.2010.11.14.webrip.xvid-c4tv.r02,14.31,M
the.impressions.show.with.culshaw.and.stephenson.2010.11.14.webrip.xvid-c4tv.r03,14.31,M
the.impressions.show.with.culshaw.and.stephenson.2010.11.14.webrip.xvid-c4tv.r04,14.31,M
the.impressions.show.with.culshaw.and.stephenson.2010.11.14.webrip.xvid-c4tv.r05,14.31,M
the.impressions.show.with.culshaw.and.stephenson.2010.11.14.webrip.xvid-c4tv.r06,14.31,M
the.impressions.show.with.culshaw.and.stephenson.2010.11.14.webrip.xvid-c4tv.r07,14.31,M
the.impressions.show.with.culshaw.and.stephenson.2010.11.14.webrip.xvid-c4tv.r08,14.31,M
the.impressions.show.with.culshaw.and.stephenson.2010.11.14.webrip.xvid-c4tv.r09,14.31,M
the.impressions.show.with.culshaw.and.stephenson.2010.11.14.webrip.xvid-c4tv.r10,14.31,M
the.impressions.show.with.culshaw.and.stephenson.2010.11.14.webrip.xvid-c4tv.r11,14.31,M
the.impressions.show.with.culshaw.and.stephenson.2010.11.14.webrip.xvid-c4tv.r12,14.31,M
the.impressions.show.with.culshaw.and.stephenson.2010.11.14.webrip.xvid-c4tv.r13,14.31,M
the.impressions.show.with.culshaw.and.stephenson.2010.11.14.webrip.xvid-c4tv.r14,14.31,M
the.impressions.show.with.culshaw.and.stephenson.2010.11.14.webrip.xvid-c4tv.r15,4.02,M
the.impressions.show.with.culshaw.and.stephenson.2010.11.14.webrip.xvid-c4tv.rar,14.31,M
the.impressions.show.with.culshaw.and.stephenson.2010.11.14.webrip.xvid-c4tv.sfv,1.51,K
