Filename,Size,Unit
Troubleshooting.PCs.Lab.rar,21.91,M
