Title,Type,Files,Size,IMDB,Spoken Languages,Texted Languages,Tags,Quality (+),Quality (-),Uploaded,By,User Type,Seeders,Leechers,Info Hash,Picture,Capture Date
Lemonade [Gay],501,1,1.76 GiB (1884825600 Bytes),,,,"""Oral"",""Anal"",""Twinks"",""Big Coks""",0,0,2009-07-15T04:48:01Z,Anonymous,,5,0,2CD6E2B476D2121BF9D5E9B8E38B11877E1F1556,http://image.bayimg.com/eacchaacj.jpg,2012-07-29T19:53:07Z
