Filename,Size,Unit
rbt.au.s01e06.ws.pdtv.xvid-rta.nfo,7.67,K
rbt.au.s01e06.ws.pdtv.xvid-rta.r00,14.31,M
rbt.au.s01e06.ws.pdtv.xvid-rta.r01,14.31,M
rbt.au.s01e06.ws.pdtv.xvid-rta.r02,14.31,M
rbt.au.s01e06.ws.pdtv.xvid-rta.r03,14.31,M
rbt.au.s01e06.ws.pdtv.xvid-rta.r04,14.31,M
rbt.au.s01e06.ws.pdtv.xvid-rta.r05,14.31,M
rbt.au.s01e06.ws.pdtv.xvid-rta.r06,14.31,M
rbt.au.s01e06.ws.pdtv.xvid-rta.r07,14.31,M
rbt.au.s01e06.ws.pdtv.xvid-rta.r08,14.31,M
rbt.au.s01e06.ws.pdtv.xvid-rta.r09,14.31,M
rbt.au.s01e06.ws.pdtv.xvid-rta.r10,14.31,M
rbt.au.s01e06.ws.pdtv.xvid-rta.r11,2.86,M
rbt.au.s01e06.ws.pdtv.xvid-rta.rar,14.31,M
rbt.au.s01e06.ws.pdtv.xvid-rta.sfv,585,B
This torrent has been downloaded from scenetime.com.txt,143,B
