Title,Type,Files,Size,IMDB,Spoken Languages,Texted Languages,Tags,Quality (+),Quality (-),Uploaded,By,User Type,Seeders,Leechers,Info Hash,Picture,Capture Date
TotalHentai - Moral Hazard,506,2,204.04 MiB (213946497 Bytes),,,,,0,0,2010-08-13T23:21:42Z,Rabiner,,0,0,A1EE6FB1941F488486BD3B92B377FEFC8F196305,,2012-07-08T11:51:40Z
