Title,Type,Files,Size,IMDB,Spoken Languages,Texted Languages,Tags,Quality (+),Quality (-),Uploaded,By,User Type,Seeders,Leechers,Info Hash,Picture,Capture Date
ProxyShell Hide IP v3.1.0.1 Portable,301,5,6.83 MiB (7166371 Bytes),,,,"""Hide IP"",""Proxy""",1,0,2010-05-25T10:36:12Z,NoExcuses,[V],1,1,F029637C268F8338E7CAD0B104E39C21D4138D23,,2012-07-15T16:50:27Z
