User Type,Username,Date,Text
,yongzecrack,2010-06-01T15:52Z,"Thank you soo much, 2nafish!! How about Dierks Bentley's 'Up on the ridge'? :)"
,ikecadet07,2010-06-21T18:34Z,can somebody please upload this album?  Thanks!
