Title,Type,Files,Size,IMDB,Spoken Languages,Texted Languages,Tags,Quality (+),Quality (-),Uploaded,By,User Type,Seeders,Leechers,Info Hash,Picture,Capture Date
ABC Melody - Sing and Learn French!,101,21,80.58 MiB (84498486 Bytes),,,,"""homeschool"",""learn french"",""elementary education"",""children\'s songs"",""instrumental""",1,0,2010-04-24T17:40:33Z,levijk,,17,2,F116DC68DB88F858E85CBD9B0383B7E1DB171DAD,,2012-07-17T13:06:05Z
