Title,Type,Files,Size,IMDB,Spoken Languages,Texted Languages,Tags,Quality (+),Quality (-),Uploaded,By,User Type,Seeders,Leechers,Info Hash,Picture,Capture Date
Ester Dean ft Chris Brown-Drop it low 2009.mp3.HIBBB,101,1,5.02 MiB (5266167 Bytes),,,,,2,0,2009-09-15T22:25:59Z,hibbb,,43,0,0BD0FE92A5AE8BB760F83D57D4D1B28DB2F27EBD,,2012-07-27T04:56:16Z
