User Type,Username,Date,Text
,xylolz,2011-01-14T14:51Z,thanks
