Filename,Size,Unit
/207-cascada-evacuate_the_dancefloor_(cahill_remix).mp3,10.21,M
/212-cascada-faded_(giuseppe_ds_dark_fader_club_mix).mp3,9.25,M
/205-cascada-evacuate_the_dancefloor_(chriss_orlega_big_room_remix).mp3,9.05,M
/210-cascada-faded_(wideboys_electro_club_mix).mp3,8.57,M
/204-cascada-evacuate_the_dancefloor_(wideboys_remix).mp3,8.38,M
/209-cascada-faded_(dave_ramone_remix).mp3,8.13,M
/206-cascada-evacuate_the_dancefloor_(lockouts_mirror_ball_remix).mp3,7.84,M
/202-cascada-evacuate_the_dancefloor_(rob_mayth_remix).mp3,7.74,M
/211-cascada-faded_(lior_magal_remix).mp3,7.71,M
/201-cascada-evacuate_the_dancefloor_(extended_mix).mp3,7.49,M
/203-cascada-evacuate_the_dancefloor_(ultrabeat_remix).mp3,6.97,M
/208-cascada-faded_(extended_mix).mp3,5.83,M
/106-cascada-hold_your_hands_up.mp3,5.36,M
/109-cascada-why_you_had_to_leave.mp3,5.3,M
/101-cascada-evacuate_the_dancefloor.mp3,4.85,M
/111-cascada-draw_the_line_(yanous_candlelight_mix).mp3,4.78,M
/103-cascada-everytime_i_hear_your_name.mp3,4.64,M
/110-cascada-what_about_me.mp3,4.56,M
/105-cascada-fever.mp3,4.54,M
/107-cascada-breathless.mp3,4.26,M
/108-cascada-dangerous.mp3,4.17,M
/102-cascada-hold_on.mp3,4.03,M
/104-cascada-ready_or_not.mp3,4.02,M
/112-cascada-faded.mp3,3.08,M
/000-cascada-evacuate_the_dancefloor-(deluxe_edition)-2cd-2009.nfo,4.43,K
/000-cascada-evacuate_the_dancefloor-(deluxe_edition)-2cd-2009.sfv,1.25,K
/000-cascada-evacuate_the_dancefloor-(deluxe_edition)-2cd-2009.m3u,1.01,K
