Filename,Size,Unit
Dirty Harry 1971 BluRay 1080p ac3 x264.mkv,8.08,G
