Title,Type,Files,Size,IMDB,Spoken Languages,Texted Languages,Tags,Quality (+),Quality (-),Uploaded,By,User Type,Seeders,Leechers,Info Hash,Picture,Capture Date
Scrapheap Challenge - The Scrappy Races 2 - 5 - Mud Runner (Seri,205,1,235.81 MiB (247263576 Bytes),,English,,"""Robert Llewellyn"",""Lisa Rogers"",""Scrapheap Challenge"",""Junkyard Wars""",0,0,2009-07-30T16:15:07Z,SOBB3029,,1,1,D023EC21FC70AADA46B9060064AADE0A728B0C77,,2012-07-28T12:13:55Z
