Filename,Size,Unit
Wall Street and the Bolshevik Revolution.doc,995.5,K
