Filename,Size,Unit
"Anna Maria Espinosa - A Little Moonlight (Live KungstrÃ¤dgÃ¥rden, Stockholm 2010).avi",45.8,M
