Filename,Size,Unit
Read This Guide Now.txt,502,B
The.Dark.Lurking.2010.DVDRip.XviD-VoMiT.avi,700.95,M
vmt-thedarklurking-xvid.nfo,9.74,K
www.Torrentday.com.txt,502,B
