Filename,Size,Unit
Covers/barbapapa 7 Cover.jpg,2.1,M
Covers/barbapapa 7 Label.jpg,284.58,K
Film/VIDEO_TS/VTS_01_3.VOB,1023.95,M
Film/VIDEO_TS/VTS_01_1.VOB,1023.92,M
Film/VIDEO_TS/VTS_01_2.VOB,1023.89,M
Film/VIDEO_TS/VTS_03_1.VOB,632.63,M
Film/VIDEO_TS/VTS_01_4.VOB,477.89,M
Film/VIDEO_TS/VTS_02_1.VOB,7.66,M
Film/VIDEO_TS/VIDEO_TS.VOB,4.05,M
Film/VIDEO_TS/VTS_01_0.BUP,110,K
Film/VIDEO_TS/VTS_01_0.IFO,110,K
Film/VIDEO_TS/VTS_02_0.IFO,48,K
Film/VIDEO_TS/VTS_02_0.BUP,48,K
Film/VIDEO_TS/VTS_03_0.BUP,24,K
Film/VIDEO_TS/VTS_03_0.IFO,24,K
Film/VIDEO_TS/VIDEO_TS.BUP,14,K
Film/VIDEO_TS/VIDEO_TS.IFO,14,K
Film/VIDEO_TS/VTS_03_0.VOB,10,K
Film/VIDEO_TS/VTS_01_0.VOB,10,K
Film/VIDEO_TS/VTS_02_0.VOB,10,K
NLT-Release.gif,19.53,K
linday.jpg,6.28,K
www.allesgratis.org.gif,3.36,K
Vind je Partner.txt,1.73,K
Belangrijk.txt,1.19,K
