Filename,Size,Unit
/John Digweed - Transitions - 09-07-2010.mp3,76.83,M
/Hernan Cattaneo - Transitions - 09-07-2010.mp3,76.61,M
