Filename,Size,Unit
600 Johnny Depp HQ Pictures [Up to 7200 Px].rar,290.08,M
Torrent downloaded from Demonoid.com.txt,47,B
