Filename,Size,Unit
/ollis_club-00-its_allright-dwm.cue,487,B
/ollis_club-00-its_allright-dwm.nfo,1.08,K
/ollis_club-00-its_allright-dwm.pls,406,B
/ollis_club-00-its_allright-dwm.sfv,227,B
/ollis_club-01-its_allright_(radio_mix)-dwm.flac,33.47,M
/ollis_club-02-its_allright_(extended_mix)-dwm.flac,48.99,M
/ollis_club-03-its_allright_(2_brothers_mix)-dwm.flac,41.62,M
