Filename,Size,Unit
Aerobicise-LD-deborah-corday-aerobics.avi,148.49,M
