User Type,Username,Date,Text
,huzzzyg,2010-05-16T03:46Z,Tackar
