Title,Type,Files,Size,IMDB,Spoken Languages,Texted Languages,Tags,Quality (+),Quality (-),Uploaded,By,User Type,Seeders,Leechers,Info Hash,Picture,Capture Date
Tiffany Holiday - Teen Anal Princess (Already shoot Facial Abuse,599,5,183.66 MiB (192586425 Bytes),,,,"""\""tiffany holiday\"""",""\""rough\"""",""\""extreme\"""",""\""gag\"""",""\""deepthroat\"""",""\""anal\"".\""dp\"""",""\""facial\"""",""\""cum swallow\""""",0,0,2010-06-08T15:24:23Z,dias_vld,[V],5,2,680E1F9A177EC1563AC7F32765BA1CDF7ABC9E9C,,2012-07-15T01:26:31Z
