Title,Type,Files,Size,IMDB,Spoken Languages,Texted Languages,Tags,Quality (+),Quality (-),Uploaded,By,User Type,Seeders,Leechers,Info Hash,Picture,Capture Date
Gareth Emery - Podcast 101,199,2,99.8 MiB (104647003 Bytes),,,,"""Gareth"",""Emery"",""Podcast"",""101""",0,0,2010-04-19T13:12:21Z,robbarrow,,0,0,63097EA67D4F84CDE5ECD916BEA9A2EABBEC30B0,,2012-07-17T17:44:53Z
