Title,Type,Files,Size,IMDB,Spoken Languages,Texted Languages,Tags,Quality (+),Quality (-),Uploaded,By,User Type,Seeders,Leechers,Info Hash,Picture,Capture Date
Young Magazine- Japanese Girls - 17-22 January 2010 (NÂ° 5-6),601,1,17.13 MiB (17964784 Bytes),,,Japanese,,0,0,2010-01-06T20:41:35Z,wildcherry508,,0,0,FB561F2ADD1F9263037AF898D99F2C489E780600,,2012-07-22T12:30:53Z
