Filename,Size,Unit
/VIDEO_TS/VTS_11_1.VOB,500.31,M
/VIDEO_TS/VTS_10_1.VOB,437.15,M
/VIDEO_TS/VTS_04_1.VOB,417.89,M
/VIDEO_TS/VTS_02_1.VOB,406.65,M
/VIDEO_TS/VTS_03_1.VOB,395.39,M
/VIDEO_TS/VTS_09_1.VOB,393.19,M
/VIDEO_TS/VTS_06_1.VOB,373.48,M
/VIDEO_TS/VTS_07_1.VOB,371.37,M
/VIDEO_TS/VTS_08_1.VOB,359.91,M
/VIDEO_TS/VTS_05_1.VOB,332.85,M
/VIDEO_TS/VTS_01_1.VOB,205.3,M
/VIDEO_TS/VTS_01_0.VOB,81.01,M
/VIDEO_TS/VTS_12_1.VOB,17.67,M
/VIDEO_TS/VTS_03_0.VOB,154,K
/VIDEO_TS/VTS_02_0.VOB,154,K
/VIDEO_TS/VIDEO_TS.VOB,154,K
/VIDEO_TS/VTS_06_0.VOB,154,K
/VIDEO_TS/VTS_04_0.VOB,154,K
/VIDEO_TS/VTS_08_0.VOB,154,K
/VIDEO_TS/VTS_12_0.VOB,154,K
/VIDEO_TS/VTS_05_0.VOB,154,K
/VIDEO_TS/VTS_11_0.VOB,154,K
/VIDEO_TS/VTS_10_0.VOB,154,K
/VIDEO_TS/VTS_09_0.VOB,154,K
/VIDEO_TS/VTS_07_0.VOB,154,K
/VIDEO_TS/VIDEO_TS.BUP,28,K
/VIDEO_TS/VIDEO_TS.IFO,28,K
/VIDEO_TS/VTS_10_0.BUP,26,K
/VIDEO_TS/VTS_10_0.IFO,26,K
/VIDEO_TS/VTS_01_0.BUP,24,K
/VIDEO_TS/VTS_01_0.IFO,24,K
/VIDEO_TS/VTS_08_0.IFO,22,K
/VIDEO_TS/VTS_03_0.IFO,22,K
/VIDEO_TS/VTS_08_0.BUP,22,K
/VIDEO_TS/VTS_09_0.BUP,22,K
/VIDEO_TS/VTS_03_0.BUP,22,K
/VIDEO_TS/VTS_07_0.BUP,22,K
/VIDEO_TS/VTS_06_0.IFO,22,K
/VIDEO_TS/VTS_02_0.BUP,22,K
/VIDEO_TS/VTS_07_0.IFO,22,K
/VIDEO_TS/VTS_05_0.IFO,22,K
/VIDEO_TS/VTS_06_0.BUP,22,K
/VIDEO_TS/VTS_09_0.IFO,22,K
/VIDEO_TS/VTS_11_0.BUP,22,K
/VIDEO_TS/VTS_11_0.IFO,22,K
/VIDEO_TS/VTS_04_0.BUP,22,K
/VIDEO_TS/VTS_05_0.BUP,22,K
/VIDEO_TS/VTS_04_0.IFO,22,K
/VIDEO_TS/VTS_02_0.IFO,22,K
/VIDEO_TS/VTS_12_0.BUP,18,K
/VIDEO_TS/VTS_12_0.IFO,18,K
