Filename,Size,Unit
/Topics in Mathematical Analysis 2008 - (Malestrom).pdf,3.66,M
/Torrent downloaded from Demonoid.com.txt,47,B
