Filename,Size,Unit
Fire In The Hole.avi,519.9,M
