Title,Type,Files,Size,IMDB,Spoken Languages,Texted Languages,Tags,Quality (+),Quality (-),Uploaded,By,User Type,Seeders,Leechers,Info Hash,Picture,Capture Date
PornFidelity .-. Priya Rai (Bollywood Wedding ),501,1,618.13 MiB (648155152 Bytes),,English,English,,1,0,2010-10-23T10:58:58Z,kelvin09,[T],3,1,ACBF2B683B4D93346A09ED7453436E2E088DB2C0,,2012-07-05T01:57:00Z
