Title,Type,Files,Size,IMDB,Spoken Languages,Texted Languages,Tags,Quality (+),Quality (-),Uploaded,By,User Type,Seeders,Leechers,Info Hash,Picture,Capture Date
Whiteout{2009.DVDrip}vice,201,6,466.06 MiB (488697589 Bytes),http://www.imdb.com/title/tt0365929/,English,,"""1968""",4,0,2010-01-05T22:28:26Z,vicerock,[M],0,0,1CAA1C58EEF1B8066B23D35256C3B7087DD4ED91,http://image.bayimg.com/najfpaach.jpg,2012-07-22T13:36:22Z
