Filename,Size,Unit
Videoredo TVSuite 4.20.5.600 (needs cracking!) - this new versio.rar,18.42,M
