Title,Type,Files,Size,IMDB,Spoken Languages,Texted Languages,Tags,Quality (+),Quality (-),Uploaded,By,User Type,Seeders,Leechers,Info Hash,Picture,Capture Date
DrillHerBut - Simone,506,2,194.02 MiB (203440081 Bytes),,,,,0,0,2010-07-25T13:56:32Z,Rabiner,,0,0,63C58C1217CCC460BF2F683A9874AB221D656593,,2012-07-09T13:09:52Z
