Filename,Size,Unit
/01_01 SpÃ¥r 1.mp3,126.14,K
/01_02 SpÃ¥r 2.mp3,4.22,M
/01_03 SpÃ¥r 3.mp3,4.5,M
/01_04 SpÃ¥r 4.mp3,4.93,M
/01_05 SpÃ¥r 5.mp3,4.78,M
/01_06 SpÃ¥r 6.mp3,4.66,M
/01_07 SpÃ¥r 7.mp3,4.38,M
/01_08 SpÃ¥r 8.mp3,4.37,M
/01_09 SpÃ¥r 9.mp3,4.35,M
/01_10 SpÃ¥r 10.mp3,5.32,M
/01_11 SpÃ¥r 11.mp3,6.08,M
/01_12 SpÃ¥r 12.mp3,4.59,M
/01_13 SpÃ¥r 13.mp3,4.7,M
/01_14 SpÃ¥r 14.mp3,5.27,M
/01_15 SpÃ¥r 15.mp3,4.17,M
/02_01 SpÃ¥r 1.mp3,96.82,K
/02_02 SpÃ¥r 2.mp3,4.72,M
/02_03 SpÃ¥r 3.mp3,4.48,M
/02_04 SpÃ¥r 4.mp3,5.73,M
/02_05 SpÃ¥r 5.mp3,5.05,M
/02_06 SpÃ¥r 6.mp3,4.55,M
/02_07 SpÃ¥r 7.mp3,4.62,M
/02_08 SpÃ¥r 8.mp3,4.71,M
/02_09 SpÃ¥r 9.mp3,4.64,M
/02_10 SpÃ¥r 10.mp3,4.12,M
/02_11 SpÃ¥r 11.mp3,6.63,M
/02_12 SpÃ¥r 12.mp3,5.06,M
/02_13 SpÃ¥r 13.mp3,4.53,M
/02_14 SpÃ¥r 14.mp3,4.77,M
/03_01 SpÃ¥r 1.mp3,100.07,K
/03_02 SpÃ¥r 2.mp3,5.24,M
/03_03 SpÃ¥r 3.mp3,5.53,M
/03_04 SpÃ¥r 4.mp3,4.51,M
/03_05 SpÃ¥r 5.mp3,4.18,M
/03_06 SpÃ¥r 6.mp3,6.12,M
/03_07 SpÃ¥r 7.mp3,4.74,M
/03_08 SpÃ¥r 8.mp3,4.98,M
/03_09 SpÃ¥r 9.mp3,5.14,M
/03_10 SpÃ¥r 10.mp3,3.72,M
/03_11 SpÃ¥r 11.mp3,4.07,M
/03_12 SpÃ¥r 12.mp3,5.07,M
/03_13 SpÃ¥r 13.mp3,5.18,M
/03_14 SpÃ¥r 14.mp3,4.65,M
/04_01 SpÃ¥r 1.mp3,102.11,K
/04_02 SpÃ¥r 2.mp3,4.45,M
/04_03 SpÃ¥r 3.mp3,5.85,M
/04_04 SpÃ¥r 4.mp3,4.2,M
/04_05 SpÃ¥r 5.mp3,5.45,M
/04_06 SpÃ¥r 6.mp3,4.63,M
/04_07 SpÃ¥r 7.mp3,5.13,M
/04_08 SpÃ¥r 8.mp3,4.54,M
/04_09 SpÃ¥r 9.mp3,5.45,M
/04_10 SpÃ¥r 10.mp3,4.96,M
/04_11 SpÃ¥r 11.mp3,4.23,M
/04_12 SpÃ¥r 12.mp3,5.93,M
/04_13 SpÃ¥r 13.mp3,4.31,M
/04_14 SpÃ¥r 14.mp3,5.39,M
/05_01 SpÃ¥r 1.mp3,102.11,K
/05_02 SpÃ¥r 2.mp3,4.36,M
/05_03 SpÃ¥r 3.mp3,4.63,M
/05_04 SpÃ¥r 4.mp3,5.17,M
/05_05 SpÃ¥r 5.mp3,5.06,M
/05_06 SpÃ¥r 6.mp3,5.01,M
/05_07 SpÃ¥r 7.mp3,3.93,M
/05_08 SpÃ¥r 8.mp3,3.87,M
/05_09 SpÃ¥r 9.mp3,4.53,M
/05_10 SpÃ¥r 10.mp3,4.31,M
/05_11 SpÃ¥r 11.mp3,5.47,M
/05_12 SpÃ¥r 12.mp3,4.24,M
/05_13 SpÃ¥r 13.mp3,4.22,M
/05_14 SpÃ¥r 14.mp3,4.33,M
/05_15 SpÃ¥r 15.mp3,4.29,M
/05_16 SpÃ¥r 16.mp3,3.7,M
/06_01 SpÃ¥r 1.mp3,102.52,K
/06_02 SpÃ¥r 2.mp3,4.74,M
/06_03 SpÃ¥r 3.mp3,4.18,M
/06_04 SpÃ¥r 4.mp3,4.4,M
/06_05 SpÃ¥r 5.mp3,5.32,M
/06_06 SpÃ¥r 6.mp3,4.96,M
/06_07 SpÃ¥r 7.mp3,4.62,M
/06_08 SpÃ¥r 8.mp3,4.77,M
/06_09 SpÃ¥r 9.mp3,6.12,M
/06_10 SpÃ¥r 10.mp3,4.53,M
/06_11 SpÃ¥r 11.mp3,4.55,M
/06_12 SpÃ¥r 12.mp3,5.14,M
/06_13 SpÃ¥r 13.mp3,5.59,M
/06_14 SpÃ¥r 14.mp3,5.27,M
/07_01 SpÃ¥r 1.mp3,100.48,K
/07_02 SpÃ¥r 2.mp3,4.82,M
/07_03 SpÃ¥r 3.mp3,3.88,M
/07_04 SpÃ¥r 4.mp3,5.45,M
/07_05 SpÃ¥r 5.mp3,3.98,M
/07_06 SpÃ¥r 6.mp3,4.18,M
/07_07 SpÃ¥r 7.mp3,4.61,M
/07_08 SpÃ¥r 8.mp3,5.6,M
/07_09 SpÃ¥r 9.mp3,3.84,M
/07_10 SpÃ¥r 10.mp3,5.82,M
/07_11 SpÃ¥r 11.mp3,5.05,M
/07_12 SpÃ¥r 12.mp3,5.09,M
/07_13 SpÃ¥r 13.mp3,4.65,M
/07_14 SpÃ¥r 14.mp3,4.82,M
/07_15 SpÃ¥r 15.mp3,4.55,M
/08_01 SpÃ¥r 1.mp3,98.04,K
/08_02 SpÃ¥r 2.mp3,4.94,M
/08_03 SpÃ¥r 3.mp3,4.54,M
/08_04 SpÃ¥r 4.mp3,4.71,M
/08_05 SpÃ¥r 5.mp3,5.07,M
/08_06 SpÃ¥r 6.mp3,5.12,M
/08_07 SpÃ¥r 7.mp3,5.06,M
/08_08 SpÃ¥r 8.mp3,4.14,M
/08_09 SpÃ¥r 9.mp3,7.25,M
/08_10 SpÃ¥r 10.mp3,4.91,M
/08_11 SpÃ¥r 11.mp3,5.18,M
/08_12 SpÃ¥r 12.mp3,4.36,M
/08_13 SpÃ¥r 13.mp3,5.96,M
/08_14 SpÃ¥r 14.mp3,4.69,M
/09_01 SpÃ¥r 1.mp3,96.82,K
/09_02 SpÃ¥r 2.mp3,4.6,M
/09_03 SpÃ¥r 3.mp3,4.24,M
/09_04 SpÃ¥r 4.mp3,4.38,M
/09_05 SpÃ¥r 5.mp3,4.83,M
/09_06 SpÃ¥r 6.mp3,4.69,M
/09_07 SpÃ¥r 7.mp3,4.12,M
/09_08 SpÃ¥r 8.mp3,5.71,M
/09_09 SpÃ¥r 9.mp3,3.73,M
/09_10 SpÃ¥r 10.mp3,4.33,M
/09_11 SpÃ¥r 11.mp3,5.43,M
/09_12 SpÃ¥r 12.mp3,5.92,M
/09_13 SpÃ¥r 13.mp3,6.43,M
/09_14 SpÃ¥r 14.mp3,3.94,M
/10_01 SpÃ¥r 1.mp3,96.82,K
/10_02 SpÃ¥r 2.mp3,6.88,M
/10_03 SpÃ¥r 3.mp3,4.27,M
/10_04 SpÃ¥r 4.mp3,4.37,M
/10_05 SpÃ¥r 5.mp3,4.43,M
/10_06 SpÃ¥r 6.mp3,4.78,M
/10_07 SpÃ¥r 7.mp3,5.4,M
/10_08 SpÃ¥r 8.mp3,5.55,M
/10_09 SpÃ¥r 9.mp3,4.05,M
/10_10 SpÃ¥r 10.mp3,4.35,M
/10_11 SpÃ¥r 11.mp3,4.25,M
/10_12 SpÃ¥r 12.mp3,4.91,M
/10_13 SpÃ¥r 13.mp3,6.18,M
/10_14 SpÃ¥r 14.mp3,6.9,M
/11_01 SpÃ¥r 1.mp3,103.33,K
/11_02 SpÃ¥r 2.mp3,4.28,M
/11_03 SpÃ¥r 3.mp3,4.13,M
/11_04 SpÃ¥r 4.mp3,4.29,M
/11_05 SpÃ¥r 5.mp3,4.26,M
/11_06 SpÃ¥r 6.mp3,3.71,M
/11_07 SpÃ¥r 7.mp3,3.83,M
/11_08 SpÃ¥r 8.mp3,4.49,M
/11_09 SpÃ¥r 9.mp3,5.25,M
/11_10 SpÃ¥r 10.mp3,3.72,M
/11_11 SpÃ¥r 11.mp3,4.47,M
/11_12 SpÃ¥r 12.mp3,4.64,M
/11_13 SpÃ¥r 13.mp3,4.28,M
/11_14 SpÃ¥r 14.mp3,4.57,M
/11_15 SpÃ¥r 15.mp3,5.97,M
/11_16 SpÃ¥r 16.mp3,4.23,M
/12_01 SpÃ¥r 1.mp3,99.67,K
/12_02 SpÃ¥r 2.mp3,4.67,M
/12_03 SpÃ¥r 3.mp3,6.81,M
/12_04 SpÃ¥r 4.mp3,4.67,M
/12_05 SpÃ¥r 5.mp3,4.53,M
/12_06 SpÃ¥r 6.mp3,5.38,M
/12_07 SpÃ¥r 7.mp3,4.83,M
/12_08 SpÃ¥r 8.mp3,5.03,M
/12_09 SpÃ¥r 9.mp3,4.2,M
/12_10 SpÃ¥r 10.mp3,5.81,M
/12_11 SpÃ¥r 11.mp3,5.66,M
/12_12 SpÃ¥r 12.mp3,3.97,M
/12_13 SpÃ¥r 13.mp3,4.77,M
/12_14 SpÃ¥r 14.mp3,5.24,M
/13_01 SpÃ¥r 1.mp3,103.33,K
/13_02 SpÃ¥r 2.mp3,4.92,M
/13_03 SpÃ¥r 3.mp3,4.21,M
/13_04 SpÃ¥r 4.mp3,4.68,M
/13_05 SpÃ¥r 5.mp3,4.34,M
/13_06 SpÃ¥r 6.mp3,4.7,M
/13_07 SpÃ¥r 7.mp3,5.15,M
/13_08 SpÃ¥r 8.mp3,4.18,M
/13_09 SpÃ¥r 9.mp3,5.28,M
/13_10 SpÃ¥r 10.mp3,5.64,M
