Filename,Size,Unit
Cold.Case.S04.HDTV.1.torrent,43.2,K
