Title,Type,Files,Size,IMDB,Spoken Languages,Texted Languages,Tags,Quality (+),Quality (-),Uploaded,By,User Type,Seeders,Leechers,Info Hash,Picture,Capture Date
Teagan Presley - Cum Drippers 6 (Britney Spears Look Alike),506,1,277 MiB (290459814 Bytes),,,,,0,0,2010-04-18T06:01:43Z,deepmob,[T],0,2,027F59790FE0FC4F76F6954D45FBAFC0BA1EE85B,,2012-07-17T19:04:32Z
