Title,Type,Files,Size,IMDB,Spoken Languages,Texted Languages,Tags,Quality (+),Quality (-),Uploaded,By,User Type,Seeders,Leechers,Info Hash,Picture,Capture Date
"Dane Cook Isolated Incident (Uncensored) (PSP, iPod, Zune)",206,1,251.18 MiB (263379714 Bytes),,,,"""PSP"",""iPod"",""iPod Touch"",""iPhone"",""Zune"",""handheld"",""x264"",""h264"",""PiZ"",""stand up"",""comedy"",""Dane Cook""",2,0,2010-08-12T00:48:34Z,The_Day_Walker,[T],20,1,DE10A4FED582D1C1BA43FF075C5240EF576E629D,,2012-07-08T14:18:56Z
