Title,Type,Files,Size,IMDB,Spoken Languages,Texted Languages,Tags,Quality (+),Quality (-),Uploaded,By,User Type,Seeders,Leechers,Info Hash,Picture,Capture Date
Suze.10.06.14.DD11.Kathia.and.Annabella.XXX.WMV-fEEt,506,4,314.43 MiB (329706068 Bytes),,,,,0,0,2010-06-27T12:26:52Z,Rabiner,,0,2,6185CE943EC44630F73CCE874BEACE8D0B5C23B4,,2012-07-13T18:20:31Z
