Filename,Size,Unit
heroes.s4d1.tof.jpg,5.34,K
heroes.s4d1.tof.nfo,10.3,K
heroes.s4d1.tof.part001.rar,47.68,M
heroes.s4d1.tof.part002.rar,47.68,M
heroes.s4d1.tof.part003.rar,47.68,M
heroes.s4d1.tof.part004.rar,47.68,M
heroes.s4d1.tof.part005.rar,47.68,M
heroes.s4d1.tof.part006.rar,47.68,M
heroes.s4d1.tof.part007.rar,47.68,M
heroes.s4d1.tof.part008.rar,47.68,M
heroes.s4d1.tof.part009.rar,47.68,M
heroes.s4d1.tof.part010.rar,47.68,M
heroes.s4d1.tof.part011.rar,47.68,M
heroes.s4d1.tof.part012.rar,47.68,M
heroes.s4d1.tof.part013.rar,47.68,M
heroes.s4d1.tof.part014.rar,47.68,M
heroes.s4d1.tof.part015.rar,47.68,M
heroes.s4d1.tof.part016.rar,47.68,M
heroes.s4d1.tof.part017.rar,47.68,M
heroes.s4d1.tof.part018.rar,47.68,M
heroes.s4d1.tof.part019.rar,47.68,M
heroes.s4d1.tof.part020.rar,47.68,M
heroes.s4d1.tof.part021.rar,47.68,M
heroes.s4d1.tof.part022.rar,47.68,M
heroes.s4d1.tof.part023.rar,47.68,M
heroes.s4d1.tof.part024.rar,47.68,M
heroes.s4d1.tof.part025.rar,47.68,M
heroes.s4d1.tof.part026.rar,47.68,M
heroes.s4d1.tof.part027.rar,47.68,M
heroes.s4d1.tof.part028.rar,47.68,M
heroes.s4d1.tof.part029.rar,47.68,M
heroes.s4d1.tof.part030.rar,47.68,M
heroes.s4d1.tof.part031.rar,47.68,M
heroes.s4d1.tof.part032.rar,47.68,M
heroes.s4d1.tof.part033.rar,47.68,M
heroes.s4d1.tof.part034.rar,47.68,M
heroes.s4d1.tof.part035.rar,47.68,M
heroes.s4d1.tof.part036.rar,47.68,M
heroes.s4d1.tof.part037.rar,47.68,M
heroes.s4d1.tof.part038.rar,47.68,M
heroes.s4d1.tof.part039.rar,47.68,M
heroes.s4d1.tof.part040.rar,47.68,M
heroes.s4d1.tof.part041.rar,47.68,M
heroes.s4d1.tof.part042.rar,47.68,M
heroes.s4d1.tof.part043.rar,47.68,M
heroes.s4d1.tof.part044.rar,47.68,M
heroes.s4d1.tof.part045.rar,47.68,M
heroes.s4d1.tof.part046.rar,47.68,M
heroes.s4d1.tof.part047.rar,47.68,M
heroes.s4d1.tof.part048.rar,47.68,M
heroes.s4d1.tof.part049.rar,47.68,M
heroes.s4d1.tof.part050.rar,47.68,M
heroes.s4d1.tof.part051.rar,47.68,M
heroes.s4d1.tof.part052.rar,47.68,M
heroes.s4d1.tof.part053.rar,47.68,M
heroes.s4d1.tof.part054.rar,47.68,M
heroes.s4d1.tof.part055.rar,47.68,M
heroes.s4d1.tof.part056.rar,47.68,M
heroes.s4d1.tof.part057.rar,47.68,M
heroes.s4d1.tof.part058.rar,47.68,M
heroes.s4d1.tof.part059.rar,47.68,M
heroes.s4d1.tof.part060.rar,47.68,M
heroes.s4d1.tof.part061.rar,47.68,M
heroes.s4d1.tof.part062.rar,47.68,M
heroes.s4d1.tof.part063.rar,47.68,M
heroes.s4d1.tof.part064.rar,47.68,M
heroes.s4d1.tof.part065.rar,47.68,M
heroes.s4d1.tof.part066.rar,47.68,M
heroes.s4d1.tof.part067.rar,47.68,M
heroes.s4d1.tof.part068.rar,47.68,M
heroes.s4d1.tof.part069.rar,47.68,M
heroes.s4d1.tof.part070.rar,47.68,M
heroes.s4d1.tof.part071.rar,47.68,M
heroes.s4d1.tof.part072.rar,47.68,M
heroes.s4d1.tof.part073.rar,47.68,M
heroes.s4d1.tof.part074.rar,47.68,M
heroes.s4d1.tof.part075.rar,47.68,M
heroes.s4d1.tof.part076.rar,47.68,M
heroes.s4d1.tof.part077.rar,47.68,M
heroes.s4d1.tof.part078.rar,47.68,M
heroes.s4d1.tof.part079.rar,47.68,M
heroes.s4d1.tof.part080.rar,47.68,M
heroes.s4d1.tof.part081.rar,47.68,M
heroes.s4d1.tof.part082.rar,47.68,M
heroes.s4d1.tof.part083.rar,47.68,M
heroes.s4d1.tof.part084.rar,47.68,M
heroes.s4d1.tof.part085.rar,47.68,M
heroes.s4d1.tof.part086.rar,47.68,M
heroes.s4d1.tof.part087.rar,47.68,M
heroes.s4d1.tof.part088.rar,47.68,M
heroes.s4d1.tof.part089.rar,47.68,M
heroes.s4d1.tof.part090.rar,47.68,M
heroes.s4d1.tof.part091.rar,47.68,M
heroes.s4d1.tof.part092.rar,47.68,M
heroes.s4d1.tof.part093.rar,47.68,M
heroes.s4d1.tof.part094.rar,47.68,M
heroes.s4d1.tof.part095.rar,42.17,M
heroes.s4d1.tof.sfv,3.53,K
sample/heroes.s4d1.tof.sample.vob,45.92,M
