Filename,Size,Unit
/celebrity.come.dine.with.me.s08.game.show.hosts.pdtv.xvid-c4tv.avi,349.4,M
/celebrity.come.dine.with.me.s08.game.show.hosts.pdtv.xvid-c4tv.nfo,1.96,K
/celebrity.come.dine.with.me.s08.game.show.hosts.pdtv.xvid-c4tv.sfv,1.88,K
/Read This Guide Now.txt,493,B
/www.Torrentday.com.txt,493,B
