Filename,Size,Unit
/Read-Me.txt,402,B
/rugby.super.14.2010.round.7.highlights.pdtv.xvid-c4tv.nfo,3.5,K
/rugby.super.14.2010.round.7.highlights.pdtv.xvid-c4tv.r00,19.07,M
/rugby.super.14.2010.round.7.highlights.pdtv.xvid-c4tv.r01,19.07,M
/rugby.super.14.2010.round.7.highlights.pdtv.xvid-c4tv.r02,19.07,M
/rugby.super.14.2010.round.7.highlights.pdtv.xvid-c4tv.r03,19.07,M
/rugby.super.14.2010.round.7.highlights.pdtv.xvid-c4tv.r04,19.07,M
/rugby.super.14.2010.round.7.highlights.pdtv.xvid-c4tv.r05,19.07,M
/rugby.super.14.2010.round.7.highlights.pdtv.xvid-c4tv.r06,19.07,M
/rugby.super.14.2010.round.7.highlights.pdtv.xvid-c4tv.r07,19.07,M
/rugby.super.14.2010.round.7.highlights.pdtv.xvid-c4tv.r08,19.07,M
/rugby.super.14.2010.round.7.highlights.pdtv.xvid-c4tv.r09,19.07,M
/rugby.super.14.2010.round.7.highlights.pdtv.xvid-c4tv.r10,19.07,M
/rugby.super.14.2010.round.7.highlights.pdtv.xvid-c4tv.r11,19.07,M
/rugby.super.14.2010.round.7.highlights.pdtv.xvid-c4tv.r12,19.07,M
/rugby.super.14.2010.round.7.highlights.pdtv.xvid-c4tv.r13,19.07,M
/rugby.super.14.2010.round.7.highlights.pdtv.xvid-c4tv.r14,19.07,M
/rugby.super.14.2010.round.7.highlights.pdtv.xvid-c4tv.r15,19.07,M
/rugby.super.14.2010.round.7.highlights.pdtv.xvid-c4tv.r16,19.07,M
/rugby.super.14.2010.round.7.highlights.pdtv.xvid-c4tv.r17,19.07,M
/rugby.super.14.2010.round.7.highlights.pdtv.xvid-c4tv.r18,19.07,M
/rugby.super.14.2010.round.7.highlights.pdtv.xvid-c4tv.r19,19.07,M
/rugby.super.14.2010.round.7.highlights.pdtv.xvid-c4tv.r20,19.07,M
/rugby.super.14.2010.round.7.highlights.pdtv.xvid-c4tv.r21,19.07,M
/rugby.super.14.2010.round.7.highlights.pdtv.xvid-c4tv.r22,19.07,M
/rugby.super.14.2010.round.7.highlights.pdtv.xvid-c4tv.r23,19.07,M
/rugby.super.14.2010.round.7.highlights.pdtv.xvid-c4tv.r24,19.07,M
/rugby.super.14.2010.round.7.highlights.pdtv.xvid-c4tv.r25,19.07,M
/rugby.super.14.2010.round.7.highlights.pdtv.xvid-c4tv.r26,19.07,M
/rugby.super.14.2010.round.7.highlights.pdtv.xvid-c4tv.r27,19.07,M
/rugby.super.14.2010.round.7.highlights.pdtv.xvid-c4tv.r28,19.07,M
/rugby.super.14.2010.round.7.highlights.pdtv.xvid-c4tv.r29,19.07,M
/rugby.super.14.2010.round.7.highlights.pdtv.xvid-c4tv.r30,19.07,M
/rugby.super.14.2010.round.7.highlights.pdtv.xvid-c4tv.r31,19.07,M
/rugby.super.14.2010.round.7.highlights.pdtv.xvid-c4tv.r32,19.07,M
/rugby.super.14.2010.round.7.highlights.pdtv.xvid-c4tv.r33,19.07,M
/rugby.super.14.2010.round.7.highlights.pdtv.xvid-c4tv.r34,19.07,M
/rugby.super.14.2010.round.7.highlights.pdtv.xvid-c4tv.r35,13.72,M
/rugby.super.14.2010.round.7.highlights.pdtv.xvid-c4tv.rar,19.07,M
/rugby.super.14.2010.round.7.highlights.pdtv.xvid-c4tv.sfv,2.46,K
/www.torrentday.com.txt,402,B
