Title,Type,Files,Size,IMDB,Spoken Languages,Texted Languages,Tags,Quality (+),Quality (-),Uploaded,By,User Type,Seeders,Leechers,Info Hash,Picture,Capture Date
[Met-Art] Julia F - Cleanup [photos rar.],503,1,32.42 MiB (33997086 Bytes),,,,,0,0,2010-01-14T13:16:36Z,marcco,[V],0,2,FA2A0E4006C8F12DE9396C7B2AE2069E01F2B523,http://image.bayimg.com/iajakaacl.jpg,2012-07-22T05:47:28Z
