Filename,Size,Unit
/Green Stripes.mov,200.75,M
/Sand Dunes.mov,190.57,M
/Golden Sun.mov,183.95,M
/Caress.mov,108.62,M
/Big Rocks.mov,101.28,M
/Runaway Bride.mov,85.51,M
/Wonder Woman.mov,78.2,M
/Rocky Desert.mov,70.76,M
