Filename,Size,Unit
01x13 - Up in the Air.avi,302.06,M
