Title,Type,Files,Size,IMDB,Spoken Languages,Texted Languages,Tags,Quality (+),Quality (-),Uploaded,By,User Type,Seeders,Leechers,Info Hash,Picture,Capture Date
The Black Packet Vol 5:Whats The Fuss Over Hemp and Marijuana?,202,58,4.28 GiB (4594398697 Bytes),,,,"""the"",""black"",""packet"",""marijuana"",""hemp"",""weed"",""laws"",""injustice"",""lies""",1,0,2010-06-22T03:31:51Z,brainphreak,,4,3,F8361A656026AC88E39AF5EF7C7DF8F3E13ED95D,http://image.bayimg.com/nanhjaace.jpg,2012-07-14T11:05:19Z
