Title,Type,Files,Size,IMDB,Spoken Languages,Texted Languages,Tags,Quality (+),Quality (-),Uploaded,By,User Type,Seeders,Leechers,Info Hash,Picture,Capture Date
Mijn naam is Cox - Hoorspel,199,10,169.85 MiB (178096874 Bytes),,,,"""dutch hoorspel nederlands""",1,0,2010-03-29T22:04:55Z,vadra,,1,1,D40B5A8F3B72D725EABF9FA79E57405186BB0F4F,,2012-07-18T12:35:21Z
