Title,Type,Files,Size,IMDB,Spoken Languages,Texted Languages,Tags,Quality (+),Quality (-),Uploaded,By,User Type,Seeders,Leechers,Info Hash,Picture,Capture Date
KOMISARIO PALMUT...SUOMI..SUOMALAISTA...FINNISH,201,4,2.68 GiB (2882793472 Bytes),,Finnish,,"""SUOMI"",""PERKELE"",""RINNE KIDDIE PORN.""",0,0,2010-10-22T19:28:45Z,aamukaste,,2,1,DE5523400595562B2A870F66F45DA5C2F749ECF5,,2012-07-05T02:36:21Z
