Title,Type,Files,Size,IMDB,Spoken Languages,Texted Languages,Tags,Quality (+),Quality (-),Uploaded,By,User Type,Seeders,Leechers,Info Hash,Picture,Capture Date
Los caballeros de la mesa cuadrada.avi,201,1,681.32 MiB (714412032 Bytes),,Spanish,,,0,0,2010-08-26T16:54:51Z,rayuela69,,0,1,8B97BD9B0D1140891B569AEFC4477C05D7032099,,2012-07-07T18:16:18Z
