Title,Type,Files,Size,IMDB,Spoken Languages,Texted Languages,Tags,Quality (+),Quality (-),Uploaded,By,User Type,Seeders,Leechers,Info Hash,Picture,Capture Date
As M Coisas do Mundo DVDRip By Markito.avi,201,1,698.85 MiB (732801024 Bytes),,Portugese,,,0,0,2010-10-08T22:01:16Z,markitho,,6,2,257922A20224DD6D3025E0B4E093F4769502E519,,2012-07-05T17:56:12Z
