Filename,Size,Unit
screens/Lovely_Four_Eyes_For_You_Horny_Guys_3_Scene_1_dvd.wmv.jpg,351.12,K
screens/Lovely_Four_Eyes_For_You_Horny_Guys_3_Scene_2_dvd.wmv.jpg,321.24,K
screens/Lovely_Four_Eyes_For_You_Horny_Guys_3_Scene_3_dvd.wmv.jpg,312.75,K
screens/Lovely_Four_Eyes_For_You_Horny_Guys_3_Scene_4_dvd.wmv.jpg,303.92,K
screens/Lovely_Four_Eyes_For_You_Horny_Guys_3_Scene_5_dvd.wmv.jpg,295,K
screens/Lovely_Four_Eyes_For_You_Horny_Guys_3_Scene_6_dvd.wmv.jpg,341.92,K
Lovely_Four_Eyes_For_You_Horny_Guys_3_Scene_1_dvd.wmv,639.37,M
Lovely_Four_Eyes_For_You_Horny_Guys_3_Scene_2_dvd.wmv,614.62,M
Lovely_Four_Eyes_For_You_Horny_Guys_3_Scene_3_dvd.wmv,683.32,M
Lovely_Four_Eyes_For_You_Horny_Guys_3_Scene_4_dvd.wmv,435.43,M
Lovely_Four_Eyes_For_You_Horny_Guys_3_Scene_5_dvd.wmv,501.73,M
Lovely_Four_Eyes_For_You_Horny_Guys_3_Scene_6_dvd.wmv,614.51,M
