Title,Type,Files,Size,IMDB,Spoken Languages,Texted Languages,Tags,Quality (+),Quality (-),Uploaded,By,User Type,Seeders,Leechers,Info Hash,Picture,Capture Date
VA - Music paradise from Sander + Covers 2010,699,16,104.57 MiB (109650837 Bytes),,,,,0,0,2010-07-10T01:27:38Z,Anonymous,,0,0,FBBD80B622EE9CBBD423A6CEB9186791BD4374BF,,2012-07-13T04:53:58Z
