Title,Type,Files,Size,IMDB,Spoken Languages,Texted Languages,Tags,Quality (+),Quality (-),Uploaded,By,User Type,Seeders,Leechers,Info Hash,Picture,Capture Date
[nixx] Touhou 08 - Imperishable Night [Windows/Linux],401,6,441.25 MiB (462680207 Bytes),,,,"""touhou"",""shmup"",""danmaku"",""th08""",1,0,2009-10-31T22:43:05Z,Anonymous,,0,0,61183ABDDA6977075DB5AD288F4422EE9D8D48D9,http://image.bayimg.com/iafpdaaca.jpg,2012-07-25T16:38:40Z
