Filename,Size,Unit
mock.the.week.s09e11.ws.pdtv.xvid-ftp.r00,14.31,M
mock.the.week.s09e11.ws.pdtv.xvid-ftp.r01,14.31,M
mock.the.week.s09e11.ws.pdtv.xvid-ftp.r02,14.31,M
mock.the.week.s09e11.ws.pdtv.xvid-ftp.r03,14.31,M
mock.the.week.s09e11.ws.pdtv.xvid-ftp.r04,14.31,M
mock.the.week.s09e11.ws.pdtv.xvid-ftp.r05,14.31,M
mock.the.week.s09e11.ws.pdtv.xvid-ftp.r06,14.31,M
mock.the.week.s09e11.ws.pdtv.xvid-ftp.r07,14.31,M
mock.the.week.s09e11.ws.pdtv.xvid-ftp.r08,14.31,M
mock.the.week.s09e11.ws.pdtv.xvid-ftp.r09,14.31,M
mock.the.week.s09e11.ws.pdtv.xvid-ftp.r10,14.31,M
mock.the.week.s09e11.ws.pdtv.xvid-ftp.r11,14.31,M
mock.the.week.s09e11.ws.pdtv.xvid-ftp.r12,14.31,M
mock.the.week.s09e11.ws.pdtv.xvid-ftp.r13,14.31,M
mock.the.week.s09e11.ws.pdtv.xvid-ftp.r14,14.31,M
mock.the.week.s09e11.ws.pdtv.xvid-ftp.r15,3.93,M
mock.the.week.s09e11.ws.pdtv.xvid-ftp.rar,14.31,M
mock.the.week.s09e11.ws.pdtv.xvid-ftp.sfv,884,B
This torrent has been downloaded from scenetime.com.txt,143,B
