User Type,Username,Date,Text
[V],vtwin88cube,2010-09-09T07:36Z,Thanks.
[V],nightissuchproximity,2010-09-09T08:50Z,"Thank you.   You're welcome, buddy."
[V],big_dad_e,2010-09-14T05:19Z,He ain't so mean.  In fact I love him!  Thanks nightissuchproximity!
[V],nightissuchproximity,2010-09-14T13:44Z,"@big_dad_e

Thanks, bud.   You are welcome...no probs

Regards, nightissuchproximity"
,billargentino,2010-09-21T17:07Z,"Again I have to thank to deliver the opportunity to listen to big musicians
Best regards."
,otago,2010-09-25T05:08Z,As usual an execellent download bro
