Title,Type,Files,Size,IMDB,Spoken Languages,Texted Languages,Tags,Quality (+),Quality (-),Uploaded,By,User Type,Seeders,Leechers,Info Hash,Picture,Capture Date
Blood.Sweat.and.Teeth.2000.DVDRip.XviD-BOV,201,3,712.55 MiB (747158170 Bytes),,,,,0,0,2010-09-19T18:54:34Z,.BONE.,[V],0,0,76013AB5D89E0AE89C82C3ECFF8AC9151F6E0589,,2012-07-06T10:06:28Z
