User Type,Username,Date,Text
,CaptainFriggan,2010-06-17T07:18Z,love your uploads ! thank you for your efforts !!
