Filename,Size,Unit
/1961 Nese Karabocek - Dertli Kervan - Ellere Birakmam Seni ( Pathe Plak PT 140)/Ellere Birakmam Seni.mp3,2.51,M
/1961 Nese Karabocek - Dertli Kervan - Ellere Birakmam Seni ( Pathe Plak PT 140)/Dertli Kervan.mp3,2.36,M
/1961 Nese Karabocek - Siseler - Bir Vefasiza Kandim ( ( Pathe Plak PT 98)/Bir Vefasiza Kandim.mp3,2.67,M
/1961 Nese Karabocek - Siseler - Bir Vefasiza Kandim ( ( Pathe Plak PT 98)/Siseler ( Rumca Sozlu ).mp3,2.31,M
/1962 Nese Karabocek - Baga Girdim Nar Ä°cin - Sana Ben Gonlumu Verdim (Pathe Plak 187)/Baga Girdim Nar Icin.mp3,2.46,M
/1962 Nese Karabocek - Baga Girdim Nar Ä°cin - Sana Ben Gonlumu Verdim (Pathe Plak 187)/Sana Ben Gonlumu Verdim.mp3,2.31,M
/1962 Nese Karabocek - Bayginim Guler Yuzune - Catma Kalem Kaslarini (Pathe Plak PT 141 )/Catma Kalem Kaslarini.mp3,2.61,M
/1962 Nese Karabocek - Bayginim Guler Yuzune - Catma Kalem Kaslarini (Pathe Plak PT 141 )/Bayginim Guler Yuzune.mp3,2.59,M
/1962 Nese Karabocek - Kara Dut - Hayati Esmerani ( Pathe Plak PT 216)/Hayati Esmerani.mp3,2.5,M
/1962 Nese Karabocek - Kara Dut - Hayati Esmerani ( Pathe Plak PT 216)/Kara Dut.mp3,2.33,M
/1962 Nese Karabocek - Turlu Renkten Al Geldi (Ninni) - Askini Neden Gizledin (Pathe Plak PT 217)/Turlu Renkten Al Geldi (Ninni).mp3,2.52,M
/1962 Nese Karabocek - Turlu Renkten Al Geldi (Ninni) - Askini Neden Gizledin (Pathe Plak PT 217)/Askini Neden Gizledin.mp3,2.21,M
/1963 Nese Karabocek - Anam Benim Canim Benim - Dal Basti Kiraz Gibi (Pathe Plak PT 357)/Anam Benim.mp3,3.1,M
/1963 Nese Karabocek - Anam Benim Canim Benim - Dal Basti Kiraz Gibi (Pathe Plak PT 357)/Dal Basti Kiraz.mp3,2.43,M
/1963 Nese Karabocek - Belki Bir Gun Gelecek - Ay IsÄ± AltÄ±nda (Pathe Plak PT 357)/Belki Birgun Gelecek.mp3,4.74,M
/1963 Nese Karabocek - Belki Bir Gun Gelecek - Ay IsÄ± AltÄ±nda (Pathe Plak PT 357)/Ay Isigi Altinda.mp3,4.62,M
/1968 Nese Karabocek - Artik Sevmeyecegim - Aglama Deymez Hayat (Alp Plak 2501)/Artik Sevmeyecegim.mp3,4.33,M
/1968 Nese Karabocek - Artik Sevmeyecegim - Aglama Deymez Hayat (Alp Plak 2501)/Aglama Degmez Hayat.mp3,2.37,M
/1969 Nese Karabocek - Bana Cok Mu Goruyorsun - Benim De Canim Var (Alp Plak 2502  )/Benim De Canim Var.mp3,2.8,M
/1969 Nese Karabocek - Bana Cok Mu Goruyorsun - Benim De Canim Var (Alp Plak 2502  )/Bana Cok Mu Goruyorsun.mp3,2.38,M
/1969 Nese Karabocek - Damarimda Kanimsin - Eyvah (Alp Plak 2504)/Eyvah.mp3,3.31,M
/1969 Nese Karabocek - Damarimda Kanimsin - Eyvah (Alp Plak 2504)/Damarimda Kanimsin.mp3,2.96,M
/1969 Nese Karabocek - Damarimda Kanimsin - Eyvah (Alp Plak 2504)/1969 - Damarimda Kanimsin - Eyvah (Alp Plak 2504) - PowerByMina.jpg,44.11,K
/1969 Nese Karabocek - Zinguala - Azizem (Alp Plak 2503)/Azizem.mp3,2.79,M
/1969 Nese Karabocek - Zinguala - Azizem (Alp Plak 2503)/Zinguala.mp3,2.22,M
/1971 Nese Karabocek - Adini Anmayacagim - Ben Seni Unutmak Ä°Ã§in Sevmedim (As Plak 5511)/Adini Anmayacagim.mp3,2.83,M
/1971 Nese Karabocek - Adini Anmayacagim - Ben Seni Unutmak Ä°Ã§in Sevmedim (As Plak 5511)/Ben Seni Unutmak Ä°cin Sevmedim.mp3,2.47,M
/1972 Nese Karabocek - 33Luk Plak/Buyuk Asklarin Kaderi - Nese Karabocek.mp3,4.35,M
/1972 Nese Karabocek - 33Luk Plak/Nasil Gecti Habersiz - Nese Karabocek.mp3,4.07,M
/1972 Nese Karabocek - 33Luk Plak/Bos Gonul Kussuz Kafes - Nese Karabocek.mp3,3.9,M
/1972 Nese Karabocek - 33Luk Plak/Kulaklarin Cinlasin (vers) - Nese Karabocek.mp3,3.74,M
/1972 Nese Karabocek - 33Luk Plak/Yanani Allah Gorur - Nese Karabocek.mp3,3.66,M
/1972 Nese Karabocek - 33Luk Plak/O Agacin Alti - Nese Karabocek.mp3,3.49,M
/1972 Nese Karabocek - 33Luk Plak/Sevmekten Kim Usanir - Nese Karabocek.mp3,3.44,M
/1972 Nese Karabocek - 33Luk Plak/Ben Gamli Hazan - Nese Karabocek.mp3,3.27,M
/1972 Nese Karabocek - 33Luk Plak/ArtÄ±k Gel Ne Olur - Nese Karabocek.mp3,3.21,M
/1972 Nese Karabocek - 33Luk Plak/Nerden Dustum Ben Bu Aska - Nese Karabocek.mp3,3.2,M
/1972 Nese Karabocek - 33Luk Plak/Oyun Bitti (tsm) - Nese Karabocek.mp3,3.18,M
/1972 Nese Karabocek - 33Luk Plak/Oyun Bitti - nese karabocek.mp3,2.83,M
/1972 Nese Karabocek - 33Luk Plak/33lukef4.png,81.14,K
/1972 Nese Karabocek - Ayrilik Gunu - Asik Olamiyorum (As Plak 5526)/Ayrilik Gunu.mp3,3.29,M
/1972 Nese Karabocek - Ayrilik Gunu - Asik Olamiyorum (As Plak 5526)/Asik Olamiyorum.mp3,2.67,M
/1972 Nese Karabocek - Ayrilik Gunu - Asik Olamiyorum (As Plak 5526)/1972 - Ayrilik Gunu - Asik Olamiyorum (As Plak 5526).jpg,33.91,K
/1972 Nese Karabocek - Ayrilik Gunu - Asik Olamiyorum (As Plak 5526)/1972 - AyrÄ±lÄ±k Gunu -.jpg,32.88,K
/1972 Nese Karabocek - Elveda Meyhaneci - Bu Nasil Ask Boyle ( As Plak 5538)/Bu Nasil Ask Boyle.mp3,3.68,M
/1972 Nese Karabocek - Elveda Meyhaneci - Bu Nasil Ask Boyle ( As Plak 5538)/Elveda Meyhaneci.mp3,3.12,M
/1972 Nese Karabocek - Essiz Sevgilim Benim - Geri Donulmez Yoldayim (As Plak 5530)/Essiz Sevgilim Benim.mp3,4.28,M
/1972 Nese Karabocek - Essiz Sevgilim Benim - Geri Donulmez Yoldayim (As Plak 5530)/Geri Donulmez Bir Yoldayim.mp3,3.44,M
/1972 Nese Karabocek - Geri Donulmez Bir Yoldayim  (As Plak LP 1005)/Zahidem.mp3,3.79,M
/1972 Nese Karabocek - Geri Donulmez Bir Yoldayim  (As Plak LP 1005)/Geri Donulmez Bir Yoldayim.mp3,3.49,M
/1972 Nese Karabocek - Geri Donulmez Bir Yoldayim  (As Plak LP 1005)/Kiskanirim.mp3,3.43,M
/1972 Nese Karabocek - Geri Donulmez Bir Yoldayim  (As Plak LP 1005)/Unuttun Beni Zalim.mp3,3.18,M
/1972 Nese Karabocek - Geri Donulmez Bir Yoldayim  (As Plak LP 1005)/Seher Vakti.mp3,3.12,M
/1972 Nese Karabocek - Geri Donulmez Bir Yoldayim  (As Plak LP 1005)/Omrumce Adim Adim.mp3,2.87,M
/1972 Nese Karabocek - Geri Donulmez Bir Yoldayim  (As Plak LP 1005)/Hatirla.mp3,2.85,M
/1972 Nese Karabocek - Geri Donulmez Bir Yoldayim  (As Plak LP 1005)/Katip Arzuhalim.mp3,2.74,M
/1972 Nese Karabocek - Geri Donulmez Bir Yoldayim  (As Plak LP 1005)/Son Hatira.mp3,2.61,M
/1972 Nese Karabocek - Geri Donulmez Bir Yoldayim  (As Plak LP 1005)/Uykudamisin Sevgili Yarim.mp3,2.52,M
/1972 Nese Karabocek - Geri Donulmez Bir Yoldayim  (As Plak LP 1005)/Yarim Kalan Ask.mp3,2.47,M
/1972 Nese Karabocek - Geri Donulmez Bir Yoldayim  (As Plak LP 1005)/Kaslarin Kara Kara.mp3,2.31,M
/1972 Nese Karabocek - Koca Dunya - Atsan Atilmaz  ( As Plak 5527)/Atsan AtÄ±lmaz Satsan SatÄ±lmaz.mp3,3.25,M
/1972 Nese Karabocek - Koca Dunya - Atsan Atilmaz  ( As Plak 5527)/Koca Dunya.mp3,1.91,M
/1972 Nese Karabocek - Kulaklarin Cinlasin - Ben Gamli Hazan (As Plak 5521)/Kulaklarin Cinlasin.mp3,3.74,M
/1972 Nese Karabocek - Kulaklarin Cinlasin - Ben Gamli Hazan (As Plak 5521)/Ben Gamli Hazan.mp3,3.27,M
/1972 Nese Karabocek - Oyun Bitti - Kulaklarin Cinlasin ( As Plak 5523)/Kulaklarin Cinlasin.mp3,3.65,M
/1972 Nese Karabocek - Oyun Bitti - Kulaklarin Cinlasin ( As Plak 5523)/Oyun Bitti.mp3,3.01,M
/1972 Nese Karabocek - Oyun Bitti - Kulaklarin Cinlasin ( As Plak 5523)/1972 - Oyun Bitti - Kulaklarin Cinlasin ( As Plak 5523).jpg,33.91,K
/1972 Nese Karabocek - Son Hatira - Askina Doyum Olmaz(As Plak 5529)/Son Hatira.mp3,2.61,M
/1972 Nese Karabocek - Son Hatira - Askina Doyum Olmaz(As Plak 5529)/Askina Doyum Olmaz.mp3,2.43,M
/1972 Nese Karabocek - Zahidem - Kaslarin Kara Leylam (As Plak 5522)/Zahidem.mp3,3.25,M
/1972 Nese Karabocek - Zahidem - Kaslarin Kara Leylam (As Plak 5522)/Kaslarin Kara Kara Leylam.mp3,2.05,M
"/1972 Nese Karabocek - Zuleyha - Yesilim Yesilim Aman ( As Plak 5539)/Sevme Beni Artik , Zuleyha.mp3",5.5,M
/1972 Nese Karabocek - Zuleyha - Yesilim Yesilim Aman ( As Plak 5539)/Yesilim Aman.mp3,2.63,M
/1973 Nese Karabocek - Hatirla - Sevme Beni Artik ( As Plak 5544)/Hatirla.mp3,2.85,M
/1973 Nese Karabocek - Hatirla - Sevme Beni Artik ( As Plak 5544)/Sevme Beni Artik.mp3,2.7,M
/1973 Nese Karabocek - Nese Karabocek Turkuola 2 ( Kaset 9000 080)/Kulaklarin Cinlasin.mp3,3.6,M
/1973 Nese Karabocek - Nese Karabocek Turkuola 2 ( Kaset 9000 080)/Zahidem.mp3,3.49,M
/1973 Nese Karabocek - Nese Karabocek Turkuola 2 ( Kaset 9000 080)/Dort Mevsimde Sen.mp3,3.48,M
/1973 Nese Karabocek - Nese Karabocek Turkuola 2 ( Kaset 9000 080)/Sevmekten Kim Usanir.mp3,3.35,M
/1973 Nese Karabocek - Nese Karabocek Turkuola 2 ( Kaset 9000 080)/Eyvah.mp3,3.22,M
/1973 Nese Karabocek - Nese Karabocek Turkuola 2 ( Kaset 9000 080)/Ayrilik Gunu.mp3,3.18,M
/1973 Nese Karabocek - Nese Karabocek Turkuola 2 ( Kaset 9000 080)/Atsan Atilmaz.mp3,3.13,M
/1973 Nese Karabocek - Nese Karabocek Turkuola 2 ( Kaset 9000 080)/Seher Vakti.mp3,2.91,M
/1973 Nese Karabocek - Nese Karabocek Turkuola 2 ( Kaset 9000 080)/Damarimda Kanimsin.mp3,2.83,M
/1973 Nese Karabocek - Nese Karabocek Turkuola 2 ( Kaset 9000 080)/Oyun Bitti.mp3,2.69,M
/1973 Nese Karabocek - Nese Karabocek Turkuola 2 ( Kaset 9000 080)/Katip Arzuhalim.mp3,2.59,M
/1973 Nese Karabocek - Nese Karabocek Turkuola 2 ( Kaset 9000 080)/Asik Olamiyorum.mp3,2.56,M
/1973 Nese Karabocek - Nese Karabocek Turkuola 2 ( Kaset 9000 080)/Arim Balim Petegim.mp3,2.43,M
/1973 Nese Karabocek - Nese Karabocek Turkuola 2 ( Kaset 9000 080)/Uykuda Misin Sevgili Yarim.mp3,2.39,M
/1973 Nese Karabocek - Nese Karabocek Turkuola 2 ( Kaset 9000 080)/Bile Bile.mp3,2.21,M
/1973 Nese Karabocek - Nese Karabocek Turkuola 2 ( Kaset 9000 080)/Kaslarin Kara Kara Leylam.mp3,2.05,M
/1973 Nese Karabocek - Nese Karabocek Turkuola 2 ( Kaset 9000 080)/Koca Dunya.mp3,1.84,M
/1973 Nese Karabocek - Nese Karabocek Turkuola 2 ( Kaset 9000 080)/Tatli Dillim Guler Yuzlum.mp3,1.75,M
/1974 Nese Karabocek - Dertler Benim Olsun - At Kadehi Elinden ( Kervan Plak 71)/Dertler Benim Olsun.mp3,5.01,M
/1974 Nese Karabocek - Dertler Benim Olsun - At Kadehi Elinden ( Kervan Plak 71)/At Kadehi Elinden.mp3,3.85,M
/1974 Nese Karabocek - Dunden Beri  Senin Yerinde Olsam ( As Plak 5568)/Senin Yerine Olsam.mp3,2.23,M
/1974 Nese Karabocek - Dunden Beri  Senin Yerinde Olsam ( As Plak 5568)/Dunden Beri.mp3,2.21,M
/1974 Nese Karabocek - Duydum ki Unutmussun - Saymadim Kac Yil Oldu ( Kervan plak 74)/Duydumki Unutmussun.mp3,3.7,M
/1974 Nese Karabocek - Duydum ki Unutmussun - Saymadim Kac Yil Oldu ( Kervan plak 74)/Saymadim Kac Yil Oldu.mp3,3.01,M
/1974 Nese Karabocek - Duydum ki Unutmussun - Saymadim Kac Yil Oldu ( Kervan plak 74)/1974 - Duydumki Unutmussun.jpg,24.34,K
/1974 Nese Karabocek - Gonul - Kole ( Kervan Plak 80)/Kole.mp3,4.89,M
/1974 Nese Karabocek - Gonul - Kole ( Kervan Plak 80)/Gonul.mp3,3.47,M
/1975 Nese Karabocek - Deli Gibi Sevdim - Gozyasi Yalan Soylemez (45 lik)( Kervan Plak 101)/Deli Gibi Sevdim.mp3,4.63,M
/1975 Nese Karabocek - Deli Gibi Sevdim - Gozyasi Yalan Soylemez (45 lik)( Kervan Plak 101)/Gozyasi Yalan Soylemez.mp3,2.77,M
/1975 Nese Karabocek - Duyun Beni - Ne Umdum Ne Buldum (Kervan Plak 88)/Ne Umdum Ne Buldum.mp3,5.06,M
/1975 Nese Karabocek - Duyun Beni - Ne Umdum Ne Buldum (Kervan Plak 88)/Duyun Beni.mp3,4.59,M
/1975 Nese Karabocek - Kadehinde Zehir Olsa Dert Sarkisi ( Kervan Plak 85)/Dert Sarkisi.mp3,4.89,M
/1975 Nese Karabocek - Kadehinde Zehir Olsa Dert Sarkisi ( Kervan Plak 85)/Kadehinde Zehir Olsa.mp3,3.65,M
/1975 Nese Karabocek - Kadehinde Zehir Olsa Dert Sarkisi ( Kervan Plak 85)/1975 - Kadehinde Zehir Olsa Dert Sarkisi ( Kervan Plak 85).jpg,39.74,K
/1975 Nese Karabocek - Sucum Nedir - Kirk Yillik Dost Gibiyiz ( Kervan Plak  87)/Kirk Yillik Dost Gibiyiz.mp3,3.26,M
/1975 Nese Karabocek - Sucum Nedir - Kirk Yillik Dost Gibiyiz ( Kervan Plak  87)/Sucum Nedir.mp3,2.12,M
/1975 Nese Karabocek - Unut Onu Arkadas - Usul Usul ( Kervan Plak 96)/Gel Usul Usul.mp3,2.87,M
/1975 Nese Karabocek - Unut Onu Arkadas - Usul Usul ( Kervan Plak 96)/Unut Onu Arkadas.mp3,1.93,M
/1976 Nese Karabocek - Allah Askina - Ben Boylede Yasarim ( Kervan Plak 118)/Allah Askina.mp3,5.06,M
/1976 Nese Karabocek - Allah Askina - Ben Boylede Yasarim ( Kervan Plak 118)/Ben Boylede Yasarim.mp3,3.88,M
/1976 Nese Karabocek - Batsin Bu Dunya - Perisan (Kervan Plak 110 )/Batsin Bu Dunya.mp3,5.2,M
/1976 Nese Karabocek - Batsin Bu Dunya - Perisan (Kervan Plak 110 )/Perisan.mp3,2.6,M
/1976 Nese Karabocek - Batsin Bu Dunya - Perisan (Kervan Plak 110 )/BatsÄ±n Bu DÃ¼nya - PeriÅan Kervna Plak 110 (1976).jpg,33.73,K
/1976 Nese Karabocek - Deli Gibi Sevdim Lp ( Kervan Plak LP 17)/Ne Umdum Ne Buldum.mp3,5.22,M
/1976 Nese Karabocek - Deli Gibi Sevdim Lp ( Kervan Plak LP 17)/Kole.mp3,5.08,M
/1976 Nese Karabocek - Deli Gibi Sevdim Lp ( Kervan Plak LP 17)/Dertler Benim Olsun.mp3,5.01,M
/1976 Nese Karabocek - Deli Gibi Sevdim Lp ( Kervan Plak LP 17)/Duyun Beni.mp3,4.58,M
/1976 Nese Karabocek - Deli Gibi Sevdim Lp ( Kervan Plak LP 17)/Deli Gibi Sevdim.mp3,4.47,M
/1976 Nese Karabocek - Deli Gibi Sevdim Lp ( Kervan Plak LP 17)/Kadehinde Zehir Olsa.mp3,3.54,M
/1976 Nese Karabocek - Deli Gibi Sevdim Lp ( Kervan Plak LP 17)/KÄ±rk YÄ±llÄ±k Dost Gibiyiz.mp3,3.39,M
/1976 Nese Karabocek - Deli Gibi Sevdim Lp ( Kervan Plak LP 17)/Gozyaslari Yalan Soylemez.mp3,2.78,M
/1976 Nese Karabocek - Deli Gibi Sevdim Lp ( Kervan Plak LP 17)/Ozlem RÄ±htÄ±mÄ±.mp3,2.75,M
/1976 Nese Karabocek - Deli Gibi Sevdim Lp ( Kervan Plak LP 17)/Sucum Nedir.mp3,2.12,M
/1976 Nese Karabocek - Deli Gibi Sevdim Lp ( Kervan Plak LP 17)/Unut Onu Arkadas.mp3,2.05,M
/1976 Nese Karabocek - Deli Gibi Sevdim Lp ( Kervan Plak LP 17)/cover15.JPG,39.83,K
/1976 Nese Karabocek - Deli Gibi Sevdim Lp ( Kervan Plak LP 17)/0 - Deli Gibi Sevdim Lp2.JPG,39.83,K
/1976 Nese Karabocek - Deli Gibi Sevdim Lp ( Kervan Plak LP 17)/cover14.JPG,33.47,K
/1976 Nese Karabocek - Deli Gibi Sevdim Lp ( Kervan Plak LP 17)/0 - Deli Gibi Sevdim Lp.JPG,33.47,K
/1976 Nese Karabocek - Yasadim Mi Oldum Mu - Kac Kadeh Sustu ( Kervan Plak  121)/Kac Kadeh Sustu.mp3,4.8,M
/1976 Nese Karabocek - Yasadim Mi Oldum Mu - Kac Kadeh Sustu ( Kervan Plak  121)/Yasadim Mi  Oldum Mu.mp3,4.25,M
/1977 Nese Karabocek & Biricik - Minareci 2 (Ozel Seri)/05.Nese Karabocek - Ne Umdum.mp3,4.95,M
/1977 Nese Karabocek & Biricik - Minareci 2 (Ozel Seri)/04.Nese Karabocek - Kole.mp3,4.81,M
/1977 Nese Karabocek & Biricik - Minareci 2 (Ozel Seri)/13.Biricik - Ne Olur Bu Aski ÃldÃ¼rmeyelim.mp3,4.67,M
/1977 Nese Karabocek & Biricik - Minareci 2 (Ozel Seri)/12.Biricik - Seven Gozlerim.mp3,4.29,M
/1977 Nese Karabocek & Biricik - Minareci 2 (Ozel Seri)/08.Biricik - Ayriligi Isterken.mp3,4.28,M
/1977 Nese Karabocek & Biricik - Minareci 2 (Ozel Seri)/10.Biricik - Ben O Zaman ÃlÃ¼rÃ¼m.mp3,4.27,M
/1977 Nese Karabocek & Biricik - Minareci 2 (Ozel Seri)/07.Nese Karabocek - Neden SaÃ§larÄ±n BeyazlamÄ±Å ArkadaÅ.mp3,4.17,M
/1977 Nese Karabocek & Biricik - Minareci 2 (Ozel Seri)/09.Biricik - Ask Bence Sen Demektir.mp3,3.85,M
/1977 Nese Karabocek & Biricik - Minareci 2 (Ozel Seri)/11.Biricik - Sen De Bizdensin.mp3,3.49,M
/1977 Nese Karabocek & Biricik - Minareci 2 (Ozel Seri)/01.Nese Karabocek - Sen Gidince.mp3,2.89,M
/1977 Nese Karabocek & Biricik - Minareci 2 (Ozel Seri)/02.Nese Karabocek - Yurekler Acisi.mp3,2.84,M
/1977 Nese Karabocek & Biricik - Minareci 2 (Ozel Seri)/03.Nese Karabocek - Demedim Mi Ben Sana.mp3,2.75,M
/1977 Nese Karabocek & Biricik - Minareci 2 (Ozel Seri)/06.Nese Karabocek - Gozyaslari Yalan Soylemez.mp3,2.66,M
/1977 Nese Karabocek & Biricik - Minareci 2 (Ozel Seri)/KAPAK.gif,112.68,K
/1977 Nese Karabocek - Deli Gibi Sevdim (Turkuola 697)/Ne Umdum Ne Buldum.mp3,5.11,M
/1977 Nese Karabocek - Deli Gibi Sevdim (Turkuola 697)/Batsin Bu Dunya.mp3,4.89,M
/1977 Nese Karabocek - Deli Gibi Sevdim (Turkuola 697)/Dertler Benim Olsun.mp3,4.89,M
/1977 Nese Karabocek - Deli Gibi Sevdim (Turkuola 697)/Kole.mp3,4.89,M
/1977 Nese Karabocek - Deli Gibi Sevdim (Turkuola 697)/Duyun Beni.mp3,4.59,M
/1977 Nese Karabocek - Deli Gibi Sevdim (Turkuola 697)/Dert Sarkisi.mp3,4.52,M
/1977 Nese Karabocek - Deli Gibi Sevdim (Turkuola 697)/Deli Gibi Sevdim.mp3,4.22,M
/1977 Nese Karabocek - Deli Gibi Sevdim (Turkuola 697)/At Kadehi Elinden.mp3,3.85,M
/1977 Nese Karabocek - Deli Gibi Sevdim (Turkuola 697)/Kadehinde Zehir Olsa.mp3,3.63,M
/1977 Nese Karabocek - Deli Gibi Sevdim (Turkuola 697)/Kirk Yillik Dost Gibiyiz.mp3,3.26,M
/1977 Nese Karabocek - Deli Gibi Sevdim (Turkuola 697)/Gozyaslari Yalan Soylemez.mp3,2.67,M
/1977 Nese Karabocek - Deli Gibi Sevdim (Turkuola 697)/Ozlem Rihtimi.mp3,2.59,M
/1977 Nese Karabocek - Deli Gibi Sevdim (Turkuola 697)/Derdimi Anlatirdim.mp3,2,M
/1977 Nese Karabocek - Deli Gibi Sevdim (Turkuola 697)/Unut Onu Arkadas.mp3,1.93,M
/1977 Nese Karabocek - Dunden Bugune LP/Nese KarabÃ¶cek - sabret gÃ¶nÃ¼l.mp3,7.93,M
/1977 Nese Karabocek - Dunden Bugune LP/Nese KarabÃ¶cek - o dudaklar.mp3,6.94,M
/1977 Nese Karabocek - Dunden Bugune LP/Nese KarabÃ¶cek - kaÃ§ kadeh sustu.mp3,6.6,M
/1977 Nese Karabocek - Dunden Bugune LP/Nese KarabÃ¶cek - bu yerler ne fisunkardÄ±.mp3,6.29,M
/1977 Nese Karabocek - Dunden Bugune LP/Nese KarabÃ¶cek - yaÅadÄ±m mÄ± Ã¶ldÃ¼m mÃ¼.mp3,5.5,M
/1977 Nese Karabocek - Dunden Bugune LP/Nese KarabÃ¶cek - bir Ã¶ptÃ¼m.mp3,5.4,M
/1977 Nese Karabocek - Dunden Bugune LP/Nese KarabÃ¶cek - hecine gÃ¶nlÃ¼m hecine.mp3,4.33,M
/1977 Nese Karabocek - Dunden Bugune LP/Nese KarabÃ¶cek - gÃ¼lÃ¼nce gÃ¶zlerinin iÃ§i gÃ¼lÃ¼yor.mp3,4.26,M
/1977 Nese Karabocek - Dunden Bugune LP/Nese KarabÃ¶cek - ne yaptÄ±m kendimi nasÄ±l aldattÄ±m.mp3,4.22,M
/1977 Nese Karabocek - Dunden Bugune LP/Nese KarabÃ¶cek - beklerim hergÃ¼n bu sahillerde.mp3,4.04,M
/1977 Nese Karabocek - Dunden Bugune LP/Nese KarabÃ¶cek - ayrÄ±lÄ±k yarÄ± Ã¶lmekmiÅ.mp3,3.49,M
/1977 Nese Karabocek - Dunden Bugune LP/Nese KarabÃ¶cek - ayrÄ±lÄ±k vakti.mp3,2.81,M
/1977 Nese Karabocek - Dunden Bugune LP/cover1.JPG,33.55,K
/1977 Nese Karabocek - Dunden Bugune LP/cover2.JPG,20.11,K
/1978 Nese Karabocek - Ugur Bocegi LP/Nese KarabÃ¶cek - ateÅ olmadan duman tÃ¼termi.mp3,3.69,M
/1978 Nese Karabocek - Ugur Bocegi LP/Nese KarabÃ¶cek - eyvah.mp3,3.31,M
/1978 Nese Karabocek - Ugur Bocegi LP/Nese KarabÃ¶cek - iÃ§enlerin dÃ¼nyasÄ±.mp3,2.98,M
/1978 Nese Karabocek - Ugur Bocegi LP/Nese KarabÃ¶cek - allah acÄ±sÄ±n.mp3,2.97,M
/1978 Nese Karabocek - Ugur Bocegi LP/Nese KarabÃ¶cek - damarÄ±mda kanÄ±msÄ±n.mp3,2.92,M
/1978 Nese Karabocek - Ugur Bocegi LP/Nese KarabÃ¶cek - bahar dÃ¼ÅmÃ¼Å saÃ§larÄ±na.mp3,2.87,M
/1978 Nese Karabocek - Ugur Bocegi LP/Nese KarabÃ¶cek - aÃ§ kalbinin kapÄ±sÄ±nÄ±.mp3,2.8,M
/1978 Nese Karabocek - Ugur Bocegi LP/Nese KarabÃ¶cek - azizem.mp3,2.79,M
/1978 Nese Karabocek - Ugur Bocegi LP/Nese KarabÃ¶cek - sonbahar gÃ¼neÅi.mp3,2.54,M
/1978 Nese Karabocek - Ugur Bocegi LP/Nese KarabÃ¶cek - zinguala.mp3,2.22,M
/1978 Nese Karabocek - Ugur Bocegi LP/cover3.JPG,43.34,K
/1978 Nese Karabocek - Ugur Bocegi LP/cover2.JPG,41.94,K
/1978 Nese Karabocek - Ugur Bocegi LP/cover1.JPG,35.88,K
/1979 Nese Karabocek & Ahmet Ozhan - (Uzelli.618)/Ahmet Ãzhan GÃ¶nlÃ¼me Gir Dal GÃ¼neÅim.mp3,3.87,M
/1979 Nese Karabocek & Ahmet Ozhan - (Uzelli.618)/NeÅe KarabÃ¶cek Ud Taksimi-Bir Mechule Giden DÃ¼nya.mp3,3.62,M
/1979 Nese Karabocek & Ahmet Ozhan - (Uzelli.618)/Ahmet Ãzhan Åu Yalan DÃ¼nyayÄ±.mp3,3.35,M
/1979 Nese Karabocek & Ahmet Ozhan - (Uzelli.618)/Ahmet Ãzhan Zulmetle AyrÄ±lÄ±k.mp3,2.85,M
/1979 Nese Karabocek & Ahmet Ozhan - (Uzelli.618)/NeÅe KarabÃ¶cek AyrÄ±lÄ±kKolyesi.mp3,2.76,M
/1979 Nese Karabocek & Ahmet Ozhan - (Uzelli.618)/Ahmet Ãzhan Ben melamet hÄ±rkasÄ±nÄ±.mp3,2.6,M
/1979 Nese Karabocek & Ahmet Ozhan - (Uzelli.618)/Ahmet Ãzhan Bu Ne Haldir SultanÄ±m.mp3,2.58,M
/1979 Nese Karabocek & Ahmet Ozhan - (Uzelli.618)/NeÅe KarabÃ¶cek Mektup Selem Eyle Bizden.mp3,2.51,M
/1979 Nese Karabocek & Ahmet Ozhan - (Uzelli.618)/NeÅe KarabÃ¶cek GÃ¶z YaÅÄ± Yalan SÃ¶ylemez.mp3,2.5,M
/1979 Nese Karabocek & Ahmet Ozhan - (Uzelli.618)/NeÅe KarabÃ¶cek AradÄ± Buldu Beni.mp3,2.36,M
/1979 Nese Karabocek & Ahmet Ozhan - (Uzelli.618)/NeÅe KarabÃ¶cek Haydi ZamandÄ±r Beklettin Beni.mp3,2.36,M
/1979 Nese Karabocek & Ahmet Ozhan - (Uzelli.618)/NeÅe KarabÃ¶cek BahÃ§enizde GÃ¼l Var MÄ±.mp3,2.11,M
/1979 Nese Karabocek & Ahmet Ozhan - (Uzelli.618)/NeÅe KarabÃ¶cek Ãay Elinden Ãteye.mp3,1.86,M
/1979 Nese Karabocek & Ahmet Ozhan - (Uzelli.618)/Ahmet Ãzhan Sen  NeÅeden Haber Ver.mp3,1.86,M
/1979 Nese Karabocek - Dost Bahcesi/NeÅe KarabÃ¶cek - Dost BahÃ§esi.mp3,6.47,M
/1979 Nese Karabocek - Dost Bahcesi/NeÅe KarabÃ¶cek - AyrÄ±lÄ±k Kolyesi.mp3,3.49,M
/1979 Nese Karabocek - Dost Bahcesi/NeÅe KarabÃ¶cek - Seni Buldum Ya.mp3,3.4,M
/1979 Nese Karabocek - Dost Bahcesi/NeÅe KarabÃ¶cek - AkÅam Oldu.mp3,3.38,M
/1979 Nese Karabocek - Dost Bahcesi/NeÅe KarabÃ¶cek - Toprak.mp3,3.31,M
/1979 Nese Karabocek - Dost Bahcesi/NeÅe KarabÃ¶cek - BaharÄ± Bekleyen.mp3,3.19,M
/1979 Nese Karabocek - Dost Bahcesi/NeÅe KarabÃ¶cek - Mektup Selam SÃ¶yle.mp3,3.18,M
/1979 Nese Karabocek - Dost Bahcesi/NeÅe KarabÃ¶cek - Bizi KÄ±skanan GÃ¶zler.mp3,3.07,M
/1979 Nese Karabocek - Dost Bahcesi/NeÅe KarabÃ¶cek - Derdine DÃ¼ÅtÃ¼m.mp3,2.92,M
/1979 Nese Karabocek - Dost Bahcesi/NeÅe KarabÃ¶cek - Ãay Elinden Ãteye.mp3,2.67,M
/1979 Nese Karabocek - Dost Bahcesi/NeÅe KarabÃ¶cek - BahÃ§enizde GÃ¼l Var MÄ±.mp3,2.58,M
/1979 Nese Karabocek - Dost Bahcesi/NeÅe KarabÃ¶cek - Zalim DÃ¼nya.mp3,2.51,M
/1979 Nese Karabocek - Dost Bahcesi/NeÅe KarabÃ¶cek - GÃ¼ldÃ¼r ArtÄ±k.mp3,2.5,M
/1979 Nese Karabocek - Dost Bahcesi/NeÅe KarabÃ¶cek - Hayli ZamandÄ±r.mp3,2.08,M
/1979 Nese Karabocek - Dost Bahcesi/NeÅe KarabÃ¶cek - Vara Vara.mp3,1.96,M
/1979 Nese Karabocek - Dost Bahcesi/nesekarabcekdostbahcesila4.jpg,42.22,K
/1980 Nese Karabocek - Beddua/NeÅe KarabÃ¶cek - Dert Ãekmeye Gidiyorum.mp3,5.51,M
/1980 Nese Karabocek - Beddua/NeÅe KarabÃ¶cek - Beddua.mp3,4.83,M
/1980 Nese Karabocek - Beddua/NeÅe KarabÃ¶cek - Hayli ZamandÄ±r.mp3,4.66,M
/1980 Nese Karabocek - Beddua/NeÅe KarabÃ¶cek - Ben Bir Garip BÃ¼lbÃ¼lÃ¼m.mp3,4.42,M
/1980 Nese Karabocek - Beddua/NeÅe KarabÃ¶cek - Åu KarÅÄ±ki Evde.mp3,4.25,M
/1980 Nese Karabocek - Beddua/NeÅe KarabÃ¶cek - BahÃ§enizde GÃ¼l VarmÄ±.mp3,3.96,M
/1980 Nese Karabocek - Beddua/NeÅe KarabÃ¶cek - AÅkÄ±nla Bin Defa.mp3,3.75,M
/1980 Nese Karabocek - Beddua/NeÅe KarabÃ¶cek - Erken AÃ§an Bir GÃ¼l.mp3,3.73,M
/1980 Nese Karabocek - Beddua/NeÅe KarabÃ¶cek - Zevk Ve NeÅe.mp3,3.31,M
/1980 Nese Karabocek - Beddua/NeÅe KarabÃ¶cek - Bir Zaman GÃ¶nlÃ¼me.mp3,3.3,M
/1980 Nese Karabocek - Beddua/NeÅe KarabÃ¶cek - YalancÄ±.mp3,3.06,M
/1980 Nese Karabocek - Beddua/NeÅe KarabÃ¶cek - Kara GÃ¶zlÃ¼m.mp3,3.04,M
/1980 Nese Karabocek - Beddua/NeÅe KarabÃ¶cek - Ya Leyli.mp3,2.58,M
/1980 Nese Karabocek - Beddua/me817682sev6.jpg,34.18,K
/1981 Nese Karabocek - Canim Dinleyicilerim 33Luk/Bir Tuhafim Bu Aksam - nese karabocek.mp3,5.2,M
/1981 Nese Karabocek - Canim Dinleyicilerim 33Luk/Bahar Bitti - Nese Karabocek.mp3,4.76,M
/1981 Nese Karabocek - Canim Dinleyicilerim 33Luk/Adim Yalnizlik - nese karabocek.mp3,4.41,M
/1981 Nese Karabocek - Canim Dinleyicilerim 33Luk/Kismet Degilmis - Nese Karabocek.mp3,4.3,M
/1981 Nese Karabocek - Canim Dinleyicilerim 33Luk/Onemli Degil - Nese Karabocek.mp3,4.24,M
/1981 Nese Karabocek - Canim Dinleyicilerim 33Luk/Duymak Istiyorum - Nese Karabocek.mp3,4,M
/1981 Nese Karabocek - Canim Dinleyicilerim 33Luk/Sevecek Hal Kalmadi - Nese Karabocek.mp3,4,M
/1981 Nese Karabocek - Canim Dinleyicilerim 33Luk/Ya Leylu (Ada Sahillerinde) - Nese Karabocek.mp3,3.1,M
/1981 Nese Karabocek - Canim Dinleyicilerim 33Luk/Zeytin Gozlum - Nese Karabocek.mp3,2.5,M
/1981 Nese Karabocek - Canim Dinleyicilerim 33Luk/Canim Dinleyicilerim - Nese Karabocek.MP3,1.24,M
/1981 Nese Karabocek - Canim Dinleyicilerim 33Luk/canimdinleyicilerimfm0.png,72.82,K
/1982 Nese Karabocek - Yedi Renk/Nese KarabÃ¶cek - 02 - Kabahatim BÃ¼yÃ¼ktÃ¼r.mp3,5.27,M
/1982 Nese Karabocek - Yedi Renk/Nese KarabÃ¶cek - 07 - Ne Yapsak Ne Etsek.mp3,4.64,M
/1982 Nese Karabocek - Yedi Renk/Nese KarabÃ¶cek - 06 - Sen Gelmez Oldun.mp3,4.64,M
/1982 Nese Karabocek - Yedi Renk/Nese KarabÃ¶cek - 04 - Ãlmeden Gel.mp3,4.13,M
/1982 Nese Karabocek - Yedi Renk/Nese KarabÃ¶cek - 09 - GÃ¶nlÃ¼m Usak Gibi.mp3,3.68,M
/1982 Nese Karabocek - Yedi Renk/Nese KarabÃ¶cek - 03 - FÃ¼lfÃ¼l Kiz.mp3,3.66,M
/1982 Nese Karabocek - Yedi Renk/Nese KarabÃ¶cek - 08 - Ayda Yilda Bir Pazar.mp3,3.5,M
/1982 Nese Karabocek - Yedi Renk/Nese KarabÃ¶cek - 01 - GÃ¼nÃ¼n Birinde.mp3,3.14,M
/1982 Nese Karabocek - Yedi Renk/Nese KarabÃ¶cek - 05 - Sirindir.mp3,2.49,M
/1982 Nese Karabocek - Yedi Renk/Nese KarabÃ¶cek - 10 - Nazli BÃ¼lbÃ¼l.mp3,2.03,M
/1982 Nese Karabocek - Yedi Renk/nesekarabocekyedirenk19xs8.jpg,53.19,K
/1983 Nese Karabocek - Yagmur Altinda/NeÅe KarabÃ¶cek - Kaderimde Hep GÃ¼zeli AradÄ±m.mp3,5.98,M
/1983 Nese Karabocek - Yagmur Altinda/NeÅe KarabÃ¶cek - Mevsimler Yas Tutup GÃ¼ller.mp3,4.56,M
/1983 Nese Karabocek - Yagmur Altinda/NeÅe KarabÃ¶cek - Sizden Biri.mp3,4.47,M
/1983 Nese Karabocek - Yagmur Altinda/NeÅe KarabÃ¶cek - Civelek.mp3,4.47,M
/1983 Nese Karabocek - Yagmur Altinda/NeÅe KarabÃ¶cek - GÃ¼ndÃ¼zÃ¼m Seninle.mp3,3.72,M
/1983 Nese Karabocek - Yagmur Altinda/NeÅe KarabÃ¶cek - BÃ¼tÃ¼n KuÅlar VefasÄ±z.mp3,3.63,M
/1983 Nese Karabocek - Yagmur Altinda/NeÅe KarabÃ¶cek - Bir Sevgi Ä°stiyorum.mp3,3.2,M
/1983 Nese Karabocek - Yagmur Altinda/NeÅe KarabÃ¶cek - Yagmur AltÄ±nda.mp3,3.14,M
/1983 Nese Karabocek - Yagmur Altinda/NeÅe KarabÃ¶cek - Bana NasÄ±l VazgeÃ§ Dersin.mp3,2.97,M
/1983 Nese Karabocek - Yagmur Altinda/NeÅe KarabÃ¶cek - Affetmem Asla Seni.mp3,2.95,M
/1983 Nese Karabocek - Yagmur Altinda/NeÅe KarabÃ¶cek - Eski Dostlar.mp3,2.76,M
/1983 Nese Karabocek - Yagmur Altinda/NeÅe KarabÃ¶cek - Sevda BasamaÄÄ±.mp3,2.57,M
/1983 Nese Karabocek - Yagmur Altinda/NeÅe KarabÃ¶cek - Klarnet Taksimi.mp3,2.29,M
/1983 Nese Karabocek - Yagmur Altinda/nesekarabocekyagmuraltiyo3.jpg,52.56,K
/1984 Nese Karabocek - Kertenkele/Nese KarabÃ¶cek - Ben Zaten ÃlmÃ¼sÃ¼m.mp3,5.45,M
/1984 Nese Karabocek - Kertenkele/Nese KarabÃ¶cek - Merhaba DÃ¼nya.mp3,4.37,M
/1984 Nese Karabocek - Kertenkele/Nese KarabÃ¶cek - Kertenkele.mp3,4.29,M
/1984 Nese Karabocek - Kertenkele/Nese KarabÃ¶cek - Hastayim Viran.mp3,3.82,M
/1984 Nese Karabocek - Kertenkele/Nese KarabÃ¶cek - Dogmusum Avare.mp3,3.48,M
/1984 Nese Karabocek - Kertenkele/Nese KarabÃ¶cek - Budala.mp3,3.44,M
/1984 Nese Karabocek - Kertenkele/Nese KarabÃ¶cek - Hasretim Kollarina.mp3,3.33,M
/1984 Nese Karabocek - Kertenkele/Nese KarabÃ¶cek - Yegane Sevdigim Sensin.mp3,3.06,M
/1984 Nese Karabocek - Kertenkele/Nese KarabÃ¶cek - Nasil Unuturum Seni.mp3,2.99,M
/1984 Nese Karabocek - Kertenkele/Nese KarabÃ¶cek - Havan Batsin Mirmir.mp3,2.78,M
/1984 Nese Karabocek - Kertenkele/Nese KarabÃ¶cek - Singirdak.mp3,2.63,M
/1984 Nese Karabocek - Kertenkele/Nese KarabÃ¶cek - Yan Para.mp3,2.49,M
/1984 Nese Karabocek - Kertenkele/nesekarabcekkertenkele1yb2.jpg,40.45,K
/1985 Nese Karabocek - Avare (Guney Muzik MC 030)/Iki Damla Gozyasi.mp3,3.68,M
/1985 Nese Karabocek - Avare (Guney Muzik MC 030)/Gel Guzelim Gezelim.mp3,3.64,M
/1985 Nese Karabocek - Avare (Guney Muzik MC 030)/Gonul Ihtiyar Olmaz.mp3,3.2,M
/1985 Nese Karabocek - Avare (Guney Muzik MC 030)/Sen Benimsin.mp3,3.19,M
/1985 Nese Karabocek - Avare (Guney Muzik MC 030)/Af Diliyorum.mp3,3.1,M
/1985 Nese Karabocek - Avare (Guney Muzik MC 030)/Yaziklar Olsun Sana.mp3,3.01,M
/1985 Nese Karabocek - Avare (Guney Muzik MC 030)/Dile Dustum Ben Dile.mp3,2.94,M
/1985 Nese Karabocek - Avare (Guney Muzik MC 030)/Avare.mp3,2.83,M
/1985 Nese Karabocek - Avare (Guney Muzik MC 030)/Cile Cekmeyemi Geldim.mp3,2.68,M
/1985 Nese Karabocek - Avare (Guney Muzik MC 030)/Soruyorum Seni Ben.mp3,2.68,M
/1985 Nese Karabocek - Avare (Guney Muzik MC 030)/Sozlerine Inandim.mp3,2.68,M
/1985 Nese Karabocek - Avare (Guney Muzik MC 030)/Yak Bir Sigara.mp3,2.55,M
/1985 Nese Karabocek - Avare (Guney Muzik MC 030)/1985 - Avare (Guney Muzik MC 030).jpg,14.67,K
/1985 Nese Karabocek - Telli Telli/Nese KarabÃ¶cek - Herseyini Ãzledim.mp3,6.44,M
/1985 Nese Karabocek - Telli Telli/Nese KarabÃ¶cek - Sildim Seni Kalbimden.mp3,5.63,M
/1985 Nese Karabocek - Telli Telli/Nese KarabÃ¶cek - Ya Habib.mp3,5.19,M
/1985 Nese Karabocek - Telli Telli/Nese KarabÃ¶cek - Fakkar.mp3,4.79,M
/1985 Nese Karabocek - Telli Telli/Nese KarabÃ¶cek - Ãmit Cesmesi.mp3,3.82,M
/1985 Nese Karabocek - Telli Telli/Nese KarabÃ¶cek - Gidiyorum Ben.mp3,3.71,M
/1985 Nese Karabocek - Telli Telli/Nese KarabÃ¶cek - GÃ¶melim Bu Hasta Kalbi.mp3,3.63,M
/1985 Nese Karabocek - Telli Telli/Nese KarabÃ¶cek - Ayip Sana Sabri.mp3,3.44,M
/1985 Nese Karabocek - Telli Telli/Nese KarabÃ¶cek - Isterem ki GÃ¶rem Seni.mp3,3.44,M
/1985 Nese Karabocek - Telli Telli/Nese KarabÃ¶cek - Ãc Bes GÃ¼nde Bir.mp3,3.23,M
/1985 Nese Karabocek - Telli Telli/Nese KarabÃ¶cek - Sensiz Yasayabilmirem.mp3,3.12,M
/1985 Nese Karabocek - Telli Telli/Nese KarabÃ¶cek - Telli Telli.mp3,2.67,M
/1985 Nese Karabocek - Telli Telli/Nese KarabÃ¶cek - Insaallah.mp3,2.5,M
/1985 Nese Karabocek - Telli Telli/Nese KarabÃ¶cek - Eyvallah.mp3,2.36,M
/1985 Nese Karabocek - Telli Telli/nesekarabocektellitellieh4.jpg,44.27,K
/1986 Nese Karabocek - Arkadas/Nese KarabÃ¶cek - Aksamlar.mp3,4.8,M
/1986 Nese Karabocek - Arkadas/Nese KarabÃ¶cek - Izlerini Nerede Bulurum Senin.mp3,4.38,M
/1986 Nese Karabocek - Arkadas/Nese KarabÃ¶cek - Senli GÃ¼nler.mp3,4.32,M
/1986 Nese Karabocek - Arkadas/Nese KarabÃ¶cek - Yalvarma.mp3,4.28,M
/1986 Nese Karabocek - Arkadas/Nese KarabÃ¶cek - Arkadas.mp3,4.23,M
/1986 Nese Karabocek - Arkadas/Nese KarabÃ¶cek - Beni Bana Ver.mp3,4.15,M
/1986 Nese Karabocek - Arkadas/Nese KarabÃ¶cek - Haydar.mp3,3.97,M
/1986 Nese Karabocek - Arkadas/Nese KarabÃ¶cek - Hadi SÃ¶yle.mp3,3.36,M
/1986 Nese Karabocek - Arkadas/Nese KarabÃ¶cek - GÃ¼lelim Oynayalim.mp3,2.86,M
/1986 Nese Karabocek - Arkadas/Nese KarabÃ¶cek - Sabret Canim.mp3,2.18,M
/1986 Nese Karabocek - Arkadas/EnstrÃ¼mantal.mp3,1.17,M
/1986 Nese Karabocek - Arkadas/neekarabcekarkadas1986jt4.jpg,57.99,K
/1986 Nese Karabocek - Dunden Beri/NeÅe KarabÃ¶cek - Sevme Beni ArtÄ±k ZÃ¼leyha.mp3,5.5,M
/1986 Nese Karabocek - Dunden Beri/NeÅe KarabÃ¶cek - EÅsiz Sevgilim Benim.mp3,4.28,M
/1986 Nese Karabocek - Dunden Beri/NeÅe KarabÃ¶cek - YeÅilim YeÅilim Aman.mp3,3.67,M
/1986 Nese Karabocek - Dunden Beri/NeÅe KarabÃ¶cek - Geri DÃ¶nÃ¼lmez Bir YoldayÄ±m.mp3,3.44,M
/1986 Nese Karabocek - Dunden Beri/NeÅe KarabÃ¶cek - GÃ¶kyÃ¼zÃ¼nde YalnÄ±z Gezen YÄ±ldÄ±zlar.mp3,3.3,M
/1986 Nese Karabocek - Dunden Beri/NeÅe KarabÃ¶cek - Elveda Meyhaneci.mp3,3.12,M
/1986 Nese Karabocek - Dunden Beri/NeÅe KarabÃ¶cek - Zahidem AÅkÄ±na Doyum Olmaz.mp3,3.05,M
/1986 Nese Karabocek - Dunden Beri/NeÅe KarabÃ¶cek - Demiyon Mu.mp3,2.82,M
/1986 Nese Karabocek - Dunden Beri/NeÅe KarabÃ¶cek - HatÄ±rla HatÄ±rla.mp3,2.77,M
/1986 Nese Karabocek - Dunden Beri/NeÅe KarabÃ¶cek - AÅÄ±k Olmuyorum.mp3,2.65,M
/1986 Nese Karabocek - Dunden Beri/NeÅe KarabÃ¶cek - AÅka SaygÄ±n Varsa.mp3,2.44,M
/1986 Nese Karabocek - Dunden Beri/NeÅe KarabÃ¶cek - Senin Yerine Olsam.mp3,2.23,M
/1986 Nese Karabocek - Dunden Beri/NeÅe KarabÃ¶cek - DÃ¼nden Beri.mp3,2.21,M
/1986 Nese Karabocek - Dunden Beri/nesekarabocekdndenberi1pw3.jpg,51.92,K
/1988 Nese Karabocek - Bir Optum - Yagmur/NeÅe KarabÃ¶cek - YaÄmur.mp3,4.71,M
/1988 Nese Karabocek - Bir Optum - Yagmur/NeÅe KarabÃ¶cek - GÃ¶nÃ¼l daÄÄ±.mp3,4.48,M
/1988 Nese Karabocek - Bir Optum - Yagmur/NeÅe KarabÃ¶cek - AdÄ±m yanlÄ±zlÄ±k benim.mp3,4.46,M
/1988 Nese Karabocek - Bir Optum - Yagmur/NeÅe KarabÃ¶cek - YaÅadÄ±mmÄ± Ã¶ldÃ¼mmÃ¼.mp3,4.33,M
/1988 Nese Karabocek - Bir Optum - Yagmur/NeÅe KarabÃ¶cek - Bir tuafÄ±m bu akÅam.mp3,4.02,M
/1988 Nese Karabocek - Bir Optum - Yagmur/NeÅe KarabÃ¶cek - Ãzlem rÄ±htÄ±mÄ±.mp3,3.78,M
/1988 Nese Karabocek - Bir Optum - Yagmur/NeÅe KarabÃ¶cek - Seni buldum ya.mp3,3.73,M
/1988 Nese Karabocek - Bir Optum - Yagmur/NeÅe KarabÃ¶cek - KemancÄ±.mp3,3.72,M
/1988 Nese Karabocek - Bir Optum - Yagmur/NeÅe KarabÃ¶cek - Dertsiz olsam iÃ§ermiyim.mp3,3.35,M
/1988 Nese Karabocek - Bir Optum - Yagmur/NeÅe KarabÃ¶cek - Eski dostlar.mp3,3.35,M
/1988 Nese Karabocek - Bir Optum - Yagmur/NeÅe KarabÃ¶cek - Oyun bitti.mp3,3.24,M
/1988 Nese Karabocek - Bir Optum - Yagmur/NeÅe KarabÃ¶cek - AÅkÄ±na hiÃ§ doyum olmaz.mp3,3,M
/1988 Nese Karabocek - Bir Optum - Yagmur/neekarabcekbirptmyagmursc5.jpg,52.13,K
/1989 Nese Karabocek - Deliler Gibi/NeÅe KarabÃ¶cek - GÃ¶Ã§ebe KuÅlar.mp3,5.79,M
/1989 Nese Karabocek - Deliler Gibi/NeÅe KarabÃ¶cek - DÃ¼nya Senin DÃ¼nya Benim.mp3,5.13,M
/1989 Nese Karabocek - Deliler Gibi/NeÅe KarabÃ¶cek - TanÄ±rsÄ±n Beni.mp3,4.93,M
/1989 Nese Karabocek - Deliler Gibi/NeÅe KarabÃ¶cek - Deliler Gibi.mp3,4.63,M
/1989 Nese Karabocek - Deliler Gibi/NeÅe KarabÃ¶cek - GÃ¼lÃ¼m.mp3,3.79,M
/1989 Nese Karabocek - Deliler Gibi/NeÅe KarabÃ¶cek - Hasret.mp3,3.44,M
/1989 Nese Karabocek - Deliler Gibi/NeÅe KarabÃ¶cek - HiÃ§ KÃ¼smenin Yerimiydi.mp3,3.37,M
/1989 Nese Karabocek - Deliler Gibi/NeÅe KarabÃ¶cek - Senin AÅkÄ±n.mp3,3.28,M
/1989 Nese Karabocek - Deliler Gibi/NeÅe KarabÃ¶cek - GÃ¶zlerin EladÄ±r Yar.mp3,2.91,M
/1989 Nese Karabocek - Deliler Gibi/NeÅe KarabÃ¶cek - Bir Ãocuktan FarkÄ±n Yok.mp3,2.68,M
/1989 Nese Karabocek - Deliler Gibi/NeÅe KarabÃ¶cek - Ä°Åte Eyle (Åiir).mp3,1.69,M
/1989 Nese Karabocek - Deliler Gibi/nesekarabocekdelilergibhr4.jpg,45.46,K
/1989 Nese Karabocek - Dertli ( Guney Plak 057)/Alafsuriye ( Arapca ).mp3,2.74,M
/1989 Nese Karabocek - Dertli ( Guney Plak 057)/Avare.mp3,2.73,M
/1989 Nese Karabocek - Dertli ( Guney Plak 057)/Bir Vefasiza Kandim.mp3,2.67,M
/1989 Nese Karabocek - Dertli ( Guney Plak 057)/Catma Kalem Kaslarini.mp3,2.66,M
/1989 Nese Karabocek - Dertli ( Guney Plak 057)/Bayginam Guzel Yuzune.mp3,2.65,M
/1989 Nese Karabocek - Dertli ( Guney Plak 057)/O Beni Bir Bahar Aksami Terketti.mp3,2.62,M
/1989 Nese Karabocek - Dertli ( Guney Plak 057)/Ah Su Dunya.mp3,2.62,M
/1989 Nese Karabocek - Dertli ( Guney Plak 057)/Hayati Esmerani ( Arapca ).mp3,2.57,M
/1989 Nese Karabocek - Dertli ( Guney Plak 057)/Ellere Birakmam Seni.mp3,2.51,M
/1989 Nese Karabocek - Dertli ( Guney Plak 057)/Baga Girdim Nar Icin.mp3,2.46,M
/1989 Nese Karabocek - Dertli ( Guney Plak 057)/Karadut.mp3,2.42,M
/1989 Nese Karabocek - Dertli ( Guney Plak 057)/Dertli Kervan.mp3,2.36,M
/1989 Nese Karabocek - Dertli ( Guney Plak 057)/Sana Ben Gonlumu Verdim.mp3,2.31,M
/1989 Nese Karabocek - Dertli ( Guney Plak 057)/Siseler ( Rumca Sozlu ).mp3,2.31,M
/1989 Nese Karabocek - Dertli ( Guney Plak 057)/Askini Neden Gizledin.mp3,2.26,M
/1989 Nese Karabocek - Dertli ( Guney Plak 057)/Sen Ellerin Olamazsin.mp3,1.85,M
/1990 Nese Karabocek - Yagmur Agliyor/Nese KarabÃ¶cek - Bitsin Bu Hasret.mp3,4.44,M
/1990 Nese Karabocek - Yagmur Agliyor/Nese KarabÃ¶cek - Yagmur Agliyor.mp3,4.07,M
/1990 Nese Karabocek - Yagmur Agliyor/Nese KarabÃ¶cek - Bir Elinde Cimbiz.mp3,4.03,M
/1990 Nese Karabocek - Yagmur Agliyor/Nese KarabÃ¶cek - Deli Dereli.mp3,3.97,M
/1990 Nese Karabocek - Yagmur Agliyor/Nese KarabÃ¶cek - Icerim Kan Doldu.mp3,3.5,M
/1990 Nese Karabocek - Yagmur Agliyor/Nese KarabÃ¶cek - Olmaz Bu Kadar.mp3,3.49,M
/1990 Nese Karabocek - Yagmur Agliyor/Nese KarabÃ¶cek - Anmasinlar Adini.mp3,3.35,M
/1990 Nese Karabocek - Yagmur Agliyor/Nese KarabÃ¶cek - Fikrimin Ince GÃ¼lÃ¼.mp3,3.31,M
/1990 Nese Karabocek - Yagmur Agliyor/Nese KarabÃ¶cek - Yasamak GÃ¼zel.mp3,3.09,M
/1990 Nese Karabocek - Yagmur Agliyor/Nese KarabÃ¶cek - Aglama Sevdam.mp3,2.71,M
/1990 Nese Karabocek - Yagmur Agliyor/nesekarabcekyagmuragliyws9.jpg,50.45,K
/1991 Nese Karabocek - Amerika/Nese KarabÃ¶cek - Aksamlar.mp3,5.04,M
/1991 Nese Karabocek - Amerika/Nese KarabÃ¶cek - O Senli Gunlerim.mp3,4.69,M
/1991 Nese Karabocek - Amerika/Nese KarabÃ¶cek - Sarkilara Sordum.mp3,4.64,M
/1991 Nese Karabocek - Amerika/Nese KarabÃ¶cek - Gidiyorum Ben.mp3,4.54,M
/1991 Nese Karabocek - Amerika/Nese KarabÃ¶cek - Yalvarma.mp3,4.53,M
/1991 Nese Karabocek - Amerika/Nese KarabÃ¶cek - Beni Bana ver.mp3,4.46,M
/1991 Nese Karabocek - Amerika/Nese KarabÃ¶cek - Arkadas.mp3,4.35,M
/1991 Nese Karabocek - Amerika/Nese KarabÃ¶cek - Yetti Canima.mp3,4.22,M
/1991 Nese Karabocek - Amerika/Nese KarabÃ¶cek - Uzulme haydar.mp3,4.06,M
/1991 Nese Karabocek - Amerika/Nese KarabÃ¶cek - Kalbine Sor.mp3,3.52,M
/1991 Nese Karabocek - Amerika/Nese KarabÃ¶cek - Trilelli Lelli.mp3,3.49,M
/1991 Nese Karabocek - Amerika/Nese KarabÃ¶cek - Bir Opucuk Bahsis.mp3,3.44,M
/1991 Nese Karabocek - Amerika/Nese KarabÃ¶cek - Su Ver Leyla.mp3,3.38,M
/1991 Nese Karabocek - Amerika/Nese KarabÃ¶cek - Insallah Masallah.mp3,3.06,M
/1991 Nese Karabocek - Amerika/Nese KarabÃ¶cek - Ben Yastik Istemem.mp3,3,M
/1991 Nese Karabocek - Amerika/Nese KarabÃ¶cek - Elele.mp3,2.95,M
/1991 Nese Karabocek - Amerika/nesekarabcekamerika1991uv3.jpg,36.76,K
/1991 Nese Karabocek - Ates Benim Kul Benim/Nese KarabÃ¶cek - Nasil Gecti Habersiz.mp3,4.09,M
/1991 Nese Karabocek - Ates Benim Kul Benim/Nese KarabÃ¶cek - Ates Benim KÃ¼l Benim.mp3,4.02,M
/1991 Nese Karabocek - Ates Benim Kul Benim/Nese KarabÃ¶cek - Ne Sisler Ne Firtinalar.mp3,3.9,M
/1991 Nese Karabocek - Ates Benim Kul Benim/Nese KarabÃ¶cek - Aglama Bebegim.mp3,3.78,M
/1991 Nese Karabocek - Ates Benim Kul Benim/Nese KarabÃ¶cek - Hatirim Kalir.mp3,3.71,M
/1991 Nese Karabocek - Ates Benim Kul Benim/Nese KarabÃ¶cek - Hos GÃ¶r Aldirma.mp3,3.68,M
/1991 Nese Karabocek - Ates Benim Kul Benim/Nese KarabÃ¶cek - Gelmesende Olur Artik.mp3,3.64,M
/1991 Nese Karabocek - Ates Benim Kul Benim/Nese KarabÃ¶cek - Ayrilmam Senden.mp3,3.63,M
/1991 Nese Karabocek - Ates Benim Kul Benim/Nese KarabÃ¶cek - Bir Daha SÃ¶yle.mp3,3.18,M
/1991 Nese Karabocek - Ates Benim Kul Benim/Nese KarabÃ¶cek - Cukulatam Cukulata.mp3,2.9,M
/1991 Nese Karabocek - Ates Benim Kul Benim/neekarabcekatesbenimklbxv1.jpg,49.54,K
/1991 Nese Karabocek - Ugur Bocegi/NeÅe KarabÃ¶cek - Bitsin Bu Hasret.mp3,4.44,M
/1991 Nese Karabocek - Ugur Bocegi/NeÅe KarabÃ¶cek - EÅsiz Sevgilim Benim.mp3,4.21,M
/1991 Nese Karabocek - Ugur Bocegi/Nese KarabÃ¶cek - Sevda Yolu.mp3,4.13,M
/1991 Nese Karabocek - Ugur Bocegi/NeÅe KarabÃ¶cek - YaÄmur AÄlÄ±yor.mp3,4.06,M
/1991 Nese Karabocek - Ugur Bocegi/NeÅe KarabÃ¶cek - Bir Elimde CÄ±mbÄ±z Bir Elimde Ayna.mp3,4.03,M
/1991 Nese Karabocek - Ugur Bocegi/NeÅe KarabÃ¶cek - Deli Dere.mp3,3.97,M
/1991 Nese Karabocek - Ugur Bocegi/NeÅe KarabÃ¶cek - KulaklarÄ±n ÃÄ±nlasÄ±n.mp3,3.74,M
/1991 Nese Karabocek - Ugur Bocegi/Nese KarabÃ¶cek - Ãmidini Kirpiklerinde.mp3,3.72,M
/1991 Nese Karabocek - Ugur Bocegi/NeÅe KarabÃ¶cek - Elbet Bir GÃ¼n BuluÅacaÄÄ±z.mp3,3.57,M
/1991 Nese Karabocek - Ugur Bocegi/Nese KarabÃ¶cek - Mavi DÃ¼nyam Benim.mp3,3.51,M
/1991 Nese Karabocek - Ugur Bocegi/NeÅe KarabÃ¶cek - Ä°Ã§erim Kan Doldu.mp3,3.5,M
/1991 Nese Karabocek - Ugur Bocegi/Nese KarabÃ¶cek - Olmaz Bu Kadar.mp3,3.49,M
/1991 Nese Karabocek - Ugur Bocegi/NeÅe KarabÃ¶cek - Yalanci Yarim.mp3,3.35,M
/1991 Nese Karabocek - Ugur Bocegi/NeÅe KarabÃ¶cek - AnmasÄ±nlar AdÄ±nÄ±.mp3,3.35,M
/1991 Nese Karabocek - Ugur Bocegi/NeÅe KarabÃ¶cek - Fikrimin Ä°nce GÃ¼lÃ¼.mp3,3.31,M
/1991 Nese Karabocek - Ugur Bocegi/NeÅe KarabÃ¶cek - AyrÄ±lÄ±k GÃ¼nÃ¼.mp3,3.29,M
/1991 Nese Karabocek - Ugur Bocegi/NeÅe KarabÃ¶cek - Elveda Meyhaneci.mp3,3.12,M
/1991 Nese Karabocek - Ugur Bocegi/NeÅe KarabÃ¶cek - YaÅamak GÃ¼zel.mp3,3.09,M
/1991 Nese Karabocek - Ugur Bocegi/NeÅe KarabÃ¶cek - Bir Bahar AkÅamÄ±.mp3,3.05,M
/1991 Nese Karabocek - Ugur Bocegi/NeÅe KarabÃ¶cek - AnlatÄ±lmaz Bin Dert Ä°le.mp3,2.84,M
/1991 Nese Karabocek - Ugur Bocegi/NeÅe KarabÃ¶cek - ArtÄ±k SevmeyeceÄim.mp3,2.74,M
/1991 Nese Karabocek - Ugur Bocegi/NeÅe KarabÃ¶cek - AÄlama Sevdam.mp3,2.71,M
/1991 Nese Karabocek - Ugur Bocegi/NeÅe KarabÃ¶cek - Enginde YavaÅ YavaÅ.mp3,2.7,M
/1991 Nese Karabocek - Ugur Bocegi/NeÅe KarabÃ¶cek - ArÄ±m Balim PeteÄim.mp3,2.51,M
/1991 Nese Karabocek - Ugur Bocegi/NeÅe KarabÃ¶cek - Ben Seni Unutmak Ä°Ã§in Sevmedim.mp3,2.47,M
/1991 Nese Karabocek - Ugur Bocegi/NeÅe KarabÃ¶cek - GÃ¶ze Mi Geldi.mp3,2.2,M
/1991 Nese Karabocek - Ugur Bocegi/Nese KarabÃ¶cek - SÃ¶nmez ArtÄ±k YÃ¼reÄimde.mp3,2.19,M
/1991 Nese Karabocek - Ugur Bocegi/nesekaabcekugurlj1.jpg,20.79,K
/1992 Nese Karabocek - Altin Sarkilar/06-Geri Donulmez Yoldayim.mp3,4.32,M
/1992 Nese Karabocek - Altin Sarkilar/10-O Agacin Altini.mp3,3.91,M
/1992 Nese Karabocek - Altin Sarkilar/08-Kiskanirim Seni Ben.mp3,3.77,M
/1992 Nese Karabocek - Altin Sarkilar/03-Elbet Bir Gun Bulusacagiz.mp3,3.73,M
/1992 Nese Karabocek - Altin Sarkilar/04-Elveda Meyhaneci.mp3,3.66,M
/1992 Nese Karabocek - Altin Sarkilar/07-Gokyuzunde Yalniz Gezen Yildizlar.mp3,3.64,M
/1992 Nese Karabocek - Altin Sarkilar/09-Kulaklarin Cinlasin.mp3,3.61,M
/1992 Nese Karabocek - Altin Sarkilar/01-Adini Anmayacagim.mp3,3.41,M
/1992 Nese Karabocek - Altin Sarkilar/02-Artik Sevmeyecegim.mp3,3.04,M
/1992 Nese Karabocek - Altin Sarkilar/05-Gel Usul Usul.mp3,2.87,M
/1992 Nese Karabocek - Altin Sarkilar/altinsarkilarvu6.jpg,39.6,K
/1992 Nese Karabocek - Yam Yam/10-Ã§Ä±rÄ±lÃ§Ä±plak.mp3,4.44,M
/1992 Nese Karabocek - Yam Yam/08-ne  bu.mp3,4.39,M
/1992 Nese Karabocek - Yam Yam/05-isterim.mp3,4.24,M
/1992 Nese Karabocek - Yam Yam/07-maymun  suratlÄ±.mp3,3.98,M
/1992 Nese Karabocek - Yam Yam/11-olsun  olsun  canÄ±m sag olsun.mp3,3.92,M
/1992 Nese Karabocek - Yam Yam/02-Acaipsin.mp3,3.83,M
/1992 Nese Karabocek - Yam Yam/01-Yam  Yam.mp3,3.77,M
/1992 Nese Karabocek - Yam Yam/09-valla.mp3,3.71,M
/1992 Nese Karabocek - Yam Yam/06-Ã¶p  beni  .mp3,3.65,M
/1992 Nese Karabocek - Yam Yam/04-rakip  arÄ±yorum.mp3,3.49,M
/1992 Nese Karabocek - Yam Yam/03-kokun  odamda .mp3,3.44,M
/1992 Nese Karabocek - Yam Yam/12-maymun  suratlÄ±  remix.mp3,1.99,M
/1992 Nese Karabocek - Yam Yam/nesekarabocekyamyam1992tb0.jpg,56.19,K
/1993 Nese Karabocek - Altin Sarkilar 2/NeÅe KarabÃ¶cek - Deli Gibi Sevdim.mp3,6.07,M
/1993 Nese Karabocek - Altin Sarkilar 2/NeÅe KarabÃ¶cek - DamarÄ±mda KanÄ±msÄ±n.mp3,5.46,M
/1993 Nese Karabocek - Altin Sarkilar 2/NeÅe KarabÃ¶cek - Hey Gidi Koca DÃ¼nya.mp3,5.39,M
/1993 Nese Karabocek - Altin Sarkilar 2/NeÅe KarabÃ¶cek - Koca DÃ¼nya (Enst).mp3,5.35,M
/1993 Nese Karabocek - Altin Sarkilar 2/NeÅe KarabÃ¶cek - Bir Sevgi Ä°stiyorum.mp3,3.74,M
/1993 Nese Karabocek - Altin Sarkilar 2/NeÅe KarabÃ¶cek - Mavi DÃ¼nyam Benim.mp3,3.69,M
/1993 Nese Karabocek - Altin Sarkilar 2/NeÅe KarabÃ¶cek - Ä°ntizar.mp3,3.54,M
/1993 Nese Karabocek - Altin Sarkilar 2/NeÅe KarabÃ¶cek - Benim De CanÄ±m Var.mp3,3.37,M
/1993 Nese Karabocek - Altin Sarkilar 2/NeÅe KarabÃ¶cek - PeriÅan.mp3,2.61,M
/1993 Nese Karabocek - Altin Sarkilar 2/altinsarkilarvu6.jpg,11.42,K
/1993 Nese Karabocek - Bir Huzzam Sarki Gibi/NeÅe KarabÃ¶cek - Sevgi YaÄmuru.mp3,4.96,M
/1993 Nese Karabocek - Bir Huzzam Sarki Gibi/NeÅe KarabÃ¶cek - YÄ±llarÄ±n HesabÄ±.mp3,4.54,M
/1993 Nese Karabocek - Bir Huzzam Sarki Gibi/NeÅe KarabÃ¶cek - Bu Yerler Ne FusunkardÄ±r.mp3,4.5,M
/1993 Nese Karabocek - Bir Huzzam Sarki Gibi/NeÅe KarabÃ¶cek - Dudaklar.mp3,4.26,M
/1993 Nese Karabocek - Bir Huzzam Sarki Gibi/NeÅe KarabÃ¶cek - Mecbur DeÄilsin.mp3,3.71,M
/1993 Nese Karabocek - Bir Huzzam Sarki Gibi/NeÅe KarabÃ¶cek - DÃ¶nÃ¼ÅÃ¼nÃ¼ Bekliyorum.mp3,3.52,M
/1993 Nese Karabocek - Bir Huzzam Sarki Gibi/NeÅe KarabÃ¶cek - Bir HÃ¼zzam ÅarkÄ± Gibi.mp3,3.42,M
/1993 Nese Karabocek - Bir Huzzam Sarki Gibi/NeÅe KarabÃ¶cek - Pabucunu AttÄ±m Dama.mp3,3.39,M
/1993 Nese Karabocek - Bir Huzzam Sarki Gibi/NeÅe KarabÃ¶cek - Unutmak Kolaysa Ãnce Sen Unut.mp3,3.22,M
/1993 Nese Karabocek - Bir Huzzam Sarki Gibi/NeÅe KarabÃ¶cek - GÃ¶nlÃ¼ndeki Ãzlem.mp3,2.63,M
/1993 Nese Karabocek - Bir Huzzam Sarki Gibi/NeÅe KarabÃ¶cek - HiÃ§ ÃzÃ¼r Dileme.mp3,2.46,M
/1993 Nese Karabocek - Bir Huzzam Sarki Gibi/nesekarabcekbirhzzamsardh5.jpg,45.52,K
