User Type,Username,Date,Text
,santana,2010-12-17T02:28Z,"If you upload the XL version of this episode, IÂ´ll suck your dick. ... Or gladly lick your pussy, if youÂ´re a girl. Cause I would do anything to see more of Eddie Izzard."
