Filename,Size,Unit
Covers/The Rig 2010-Cover.jpg,196.86,K
Covers/The Rig 2010-DVD.jpg,59.05,K
INFO 2Lions-Team/2Lions-Flyer.jpg,135.18,K
INFO 2Lions-Team/Film-Terminal-Flyer.jpg,75.87,K
INFO 2Lions-Team/The Rig-AC3-XviD-DVDRip[Eng]2010 2Lions-Team.txt,3.99,K
INFO 2Lions-Team/Torrent_aangeboden door 2lions.ons-forum.nl.txt,881,B
INFO 2Lions-Team/Torrent_downloaded_from_AhaShare.com.txt,601,B
INFO 2Lions-Team/Torrent downloaded from Demonoid.com.txt,47,B
INFO 2Lions-Team/tracked By movie-torrentz.txt,36,B
Subtitles/The Rig-AC3-XviD-DVDRip[Eng]2010 2Lions-Team Dutch.srt,57.44,K
Subtitles/The Rig-AC3-XviD-DVDRip[Eng]2010 2Lions-Team English.srt,55.55,K
The Rig-AC3-XviD-DVDRip[Eng]2010 2Lions-Team.avi,1.31,G
