Filename,Size,Unit
/Virtual Sex With - Julia Ann.ISO,4.36,G
/back cover.jpg,47.67,K
/front cover.jpg,38.01,K
/info.txt,17,B
