Title,Type,Files,Size,IMDB,Spoken Languages,Texted Languages,Tags,Quality (+),Quality (-),Uploaded,By,User Type,Seeders,Leechers,Info Hash,Picture,Capture Date
WWE.Raw.Roulette.09.13.10.DSR.XviD-XWT,205,3,748.54 MiB (784900354 Bytes),,English,,,1,0,2010-09-14T06:46:54Z,SAFCukO09,[V],0,0,392B2CAF133BA4D9C8112FA071390E484A4FA1B8,,2012-07-06T15:23:45Z
