Filename,Size,Unit
Dance Mix (18 - 09 - 2010)-bXXd.mp3,77.48,M
Dance Mix.jpg,42.2,K
Tracklist.nfo,1.14,K
