Title,Type,Files,Size,IMDB,Spoken Languages,Texted Languages,Tags,Quality (+),Quality (-),Uploaded,By,User Type,Seeders,Leechers,Info Hash,Picture,Capture Date
BigTitsInSports.-.Ariella.Ferrera,501,1,339.52 MiB (356008650 Bytes),,,,,0,0,2010-11-14T17:17:32Z,exmnova,[T],0,1,53B769939A996E493E80A724E258C755475E4559,,2012-07-04T02:56:51Z
