Filename,Size,Unit
/p0.rm,793.02,K
/p1.rm,2.55,M
/p10.rm,437.11,K
/p11.rm,2.88,M
/p12.rm,507.21,K
/p13.rm,2.83,M
/p14.rm,383.19,K
/p15.rm,2.93,M
/p2.rm,410.15,K
/p3.rm,2.9,M
/p4.rm,318.47,K
/p5.rm,3.01,M
/p6.rm,469.47,K
/p7.rm,2.84,M
/p8.rm,464.07,K
/p9.rm,2.88,M
