Filename,Size,Unit
mfstjezebelseth_720.f4v,1.04,G
