Filename,Size,Unit
/The Last Days of Animal Man 01 (of 06) (2009) (Minutemen-DTs).cbz,26.14,M
/The Last Days of Animal Man 02 of 06 2009 Minutemen-DTs Resin .cbr,24.87,M
/The Last Days of Animal Man 05 of 6 (2009) (FB-DCP).cbr,20.9,M
/The Last Days of Animal Man 04 (2009) (Minutemen-Dts&Xer).cbr,18.69,M
/The Last Days of Animal Man 03 (of 6) (2009) (Minutemen-Dts&reX).cbr,16.88,M
/The Last Days of Animal Man 06 (2009) (Minutemen - DTs&Xer).cbr,16.5,M
