Title,Type,Files,Size,IMDB,Spoken Languages,Texted Languages,Tags,Quality (+),Quality (-),Uploaded,By,User Type,Seeders,Leechers,Info Hash,Picture,Capture Date
Outlander.L.Ultimo.Vichingo.2008.iTALiAN.AC3.LiMiTED.DVDRip.XviD,201,3,1.37 GiB (1468633266 Bytes),,,,"""dvdrip"",""italian"",""2008"",""winetwork.altervista.org""",0,0,2009-11-08T08:49:57Z,gf-2008,[T],7,3,D14DBBBCF25098F1F55B4902C7978D82F2416C07,,2012-07-25T05:22:59Z
