Title,Type,Files,Size,IMDB,Spoken Languages,Texted Languages,Tags,Quality (+),Quality (-),Uploaded,By,User Type,Seeders,Leechers,Info Hash,Picture,Capture Date
Sobrenatural 5x15 (HDTV) (DVB) By Hero,205,1,341.71 MiB (358311058 Bytes),,Spanish,Spanish,,0,0,2010-11-30T22:42:30Z,hero14,[T],0,0,016BE20B2A4B185C8C2CACC62C16D44115033B76,,2012-07-03T07:03:36Z
