Title,Type,Files,Size,IMDB,Spoken Languages,Texted Languages,Tags,Quality (+),Quality (-),Uploaded,By,User Type,Seeders,Leechers,Info Hash,Picture,Capture Date
Happily N Ever After (2007) PAL DD5.1 NL 2Lions-Team,202,112,4.2 GiB (4508014299 Bytes),http://www.imdb.com/title/tt0308353/,Dutch,Dutch,"""2Lions"",""Happily N\'Ever After""",0,0,2010-10-25T08:36:12Z,juutje,[V],0,0,01481FF8EB720F8BF5AC12ECA260B6203306B011,http://image.bayimg.com/oaafpaadb.jpg,2012-07-05T00:01:39Z
