User Type,Username,Date,Text
,Thakur999,2011-09-07T09:10Z,plz seed.................................
