Filename,Size,Unit
Alfatest GRP 1.27.exe,28.3,M
