Filename,Size,Unit
bathroom_boobies_big.wmv,442.6,M
