Filename,Size,Unit
/infanity.las.vegas.pdtv.xvid-deranged.nfo,2.46,K
/infanity.las.vegas.pdtv.xvid-deranged.r00,14.31,M
/infanity.las.vegas.pdtv.xvid-deranged.r01,14.31,M
/infanity.las.vegas.pdtv.xvid-deranged.r02,14.31,M
/infanity.las.vegas.pdtv.xvid-deranged.r03,14.31,M
/infanity.las.vegas.pdtv.xvid-deranged.r04,14.31,M
/infanity.las.vegas.pdtv.xvid-deranged.r05,14.31,M
/infanity.las.vegas.pdtv.xvid-deranged.r06,14.31,M
/infanity.las.vegas.pdtv.xvid-deranged.r07,14.31,M
/infanity.las.vegas.pdtv.xvid-deranged.r08,14.31,M
/infanity.las.vegas.pdtv.xvid-deranged.r09,14.31,M
/infanity.las.vegas.pdtv.xvid-deranged.r10,14.31,M
/infanity.las.vegas.pdtv.xvid-deranged.r11,14.31,M
/infanity.las.vegas.pdtv.xvid-deranged.r12,14.31,M
/infanity.las.vegas.pdtv.xvid-deranged.r13,14.31,M
/infanity.las.vegas.pdtv.xvid-deranged.r14,14.31,M
/infanity.las.vegas.pdtv.xvid-deranged.r15,2.7,M
/infanity.las.vegas.pdtv.xvid-deranged.rar,14.31,M
/infanity.las.vegas.pdtv.xvid-deranged.sfv,884,B
/Read-Me.txt,402,B
/www.torrentday.com.txt,402,B
