Title,Type,Files,Size,IMDB,Spoken Languages,Texted Languages,Tags,Quality (+),Quality (-),Uploaded,By,User Type,Seeders,Leechers,Info Hash,Picture,Capture Date
The.Daily.Show.2009.07.15.Kathleen.Sebelius.PDTV.XviD-FQM.[VTV].,205,1,174.83 MiB (183324858 Bytes),,,,,0,0,2009-07-16T06:10:34Z,VTV,[V],0,1,EADBD594F502312E3CA1A65B399004EA4D4F2780,,2012-07-29T18:46:21Z
