Filename,Size,Unit
Bottom Bitches (2010) [DVDRip][WwW.xXxViCiOsAsZT.CoM][CD1].avi,698.92,M
Bottom Bitches (2010) [DVDRip][WwW.xXxViCiOsAsZT.CoM][CD2].avi,695.8,M
