Title,Type,Files,Size,IMDB,Spoken Languages,Texted Languages,Tags,Quality (+),Quality (-),Uploaded,By,User Type,Seeders,Leechers,Info Hash,Picture,Capture Date
Savage Project - StereoTrip 012,101,6,172.66 MiB (181042143 Bytes),,,,"""Savage Project""",2,0,2010-10-08T03:03:02Z,promoparty25,,0,0,96F75BCE9A2E7E82BDF367D33DCFB04C3F417865,,2012-07-05T18:52:19Z
