Filename,Size,Unit
220px-Bucketheadsummercamp.jpeg,18.09,K
