Filename,Size,Unit
Mostenirea E24 XviD TVRip ProTV(23-11-10).avi,753.27,M
