Filename,Size,Unit
/Read-Me.txt,402,B
/wwe.superstars.2010.01.14.hdtv.xvid-kyr.nfo,11.53,K
/wwe.superstars.2010.01.14.hdtv.xvid-kyr.r00,14.31,M
/wwe.superstars.2010.01.14.hdtv.xvid-kyr.r01,14.31,M
/wwe.superstars.2010.01.14.hdtv.xvid-kyr.r02,14.31,M
/wwe.superstars.2010.01.14.hdtv.xvid-kyr.r03,14.31,M
/wwe.superstars.2010.01.14.hdtv.xvid-kyr.r04,14.31,M
/wwe.superstars.2010.01.14.hdtv.xvid-kyr.r05,14.31,M
/wwe.superstars.2010.01.14.hdtv.xvid-kyr.r06,14.31,M
/wwe.superstars.2010.01.14.hdtv.xvid-kyr.r07,14.31,M
/wwe.superstars.2010.01.14.hdtv.xvid-kyr.r08,14.31,M
/wwe.superstars.2010.01.14.hdtv.xvid-kyr.r09,14.31,M
/wwe.superstars.2010.01.14.hdtv.xvid-kyr.r10,14.31,M
/wwe.superstars.2010.01.14.hdtv.xvid-kyr.r11,14.31,M
/wwe.superstars.2010.01.14.hdtv.xvid-kyr.r12,14.31,M
/wwe.superstars.2010.01.14.hdtv.xvid-kyr.r13,14.31,M
/wwe.superstars.2010.01.14.hdtv.xvid-kyr.r14,14.31,M
/wwe.superstars.2010.01.14.hdtv.xvid-kyr.r15,14.31,M
/wwe.superstars.2010.01.14.hdtv.xvid-kyr.r16,14.31,M
/wwe.superstars.2010.01.14.hdtv.xvid-kyr.r17,14.31,M
/wwe.superstars.2010.01.14.hdtv.xvid-kyr.r18,14.31,M
/wwe.superstars.2010.01.14.hdtv.xvid-kyr.r19,14.31,M
/wwe.superstars.2010.01.14.hdtv.xvid-kyr.r20,14.31,M
/wwe.superstars.2010.01.14.hdtv.xvid-kyr.r21,14.31,M
/wwe.superstars.2010.01.14.hdtv.xvid-kyr.r22,14.31,M
/wwe.superstars.2010.01.14.hdtv.xvid-kyr.r23,4.74,M
/wwe.superstars.2010.01.14.hdtv.xvid-kyr.rar,14.31,M
/wwe.superstars.2010.01.14.hdtv.xvid-kyr.sfv,1.32,K
/www.torrentday.com.txt,402,B
