Filename,Size,Unit
/Hung 1x08 HDTV DVB Spanish.avi,232.22,M
