Title,Type,Files,Size,IMDB,Spoken Languages,Texted Languages,Tags,Quality (+),Quality (-),Uploaded,By,User Type,Seeders,Leechers,Info Hash,Picture,Capture Date
Mr. Bean's Holiday (2007) - dvdrip - BOUCHER,201,1,699.33 MiB (733302784 Bytes),,English,,,0,0,2010-09-26T04:42:20Z,bouch_925,,0,0,7C8FECEB770B4435D94F37F5CCAA774B76134FCE,,2012-07-06T03:59:51Z
