Filename,Size,Unit
Kinky-Discography.rar,513.52,M
