Filename,Size,Unit
/Reservoir.Dogs.(1992).BR.to.XviD.[GREY-SHADOW].avi,1.96,G
/Reservoir.Dogs.(1992).BR.to.XviD.[GREY-SHADOW].txt,2.59,K
/Torrent downloaded from Demonoid.com(32).txt,47,B
