Filename,Size,Unit
Emma Alone [DesiBBrG.com].wmv,133.84,M
