Title,Type,Files,Size,IMDB,Spoken Languages,Texted Languages,Tags,Quality (+),Quality (-),Uploaded,By,User Type,Seeders,Leechers,Info Hash,Picture,Capture Date
ISRAEL - A Journey Through Time(Christian Documentary),201,6,2.51 GiB (2699576024 Bytes),,English,,,0,0,2010-08-18T18:06:56Z,ab3br,,3,3,6C1EF970EA09D548D6D33C0A64BE73E6999ECCDF,,2012-07-08T02:41:26Z
