Filename,Size,Unit
Auslogics.BoostSpeed.v4.5.15.280.rar,6.2,M
