Title,Type,Files,Size,IMDB,Spoken Languages,Texted Languages,Tags,Quality (+),Quality (-),Uploaded,By,User Type,Seeders,Leechers,Info Hash,Picture,Capture Date
sextoyteens.com.Dani.XXX.[SiteRip][GoldenPirates],506,3,90.37 MiB (94755062 Bytes),,,,,0,0,2009-10-25T20:10:21Z,GoldenPirates,[V],0,0,BFC8A83BB5240580B64B5B2E51C6BF5A2200511F,,2012-07-26T04:12:59Z
