Filename,Size,Unit
part 2.mp4,36.72,M
