Filename,Size,Unit
/REC004.WAV,20.52,M
/REC002.WAV,12.7,M
