Filename,Size,Unit
/Poly Panou - Axehastes Epityhies 1/11. ÎÎ­ÏÎ± Î£ÏÎ·Î½ Î,Î¿Î»Î»Î® Î£ÎºÎ¿ÏÎ¿ÏÏÎ±.flac,22.52,M
/Poly Panou - Axehastes Epityhies 1/04. Î¦Î­ÏÏÎµ ÎÎ¹Î± ÎÎ¿ÏÏÎ± ÎÎµ ÎÏÎ±ÏÎ¯.flac,21.7,M
/Poly Panou - Axehastes Epityhies 1/09. ÎÏÎµ Î,ÏÏÏÎ± ÎÎ± ÎÎµÏÎ¬ÏÏ.flac,19.4,M
/Poly Panou - Axehastes Epityhies 1/06. ÎÏÎ­Î½Î± ÎÎµÎ½ Î£Î¿Ï ÎÎ¾Î¹Î¶Îµ ÎÎ³Î¬ÏÎ·.flac,18.64,M
/Poly Panou - Axehastes Epityhies 1/05. Î ÎÏÏÎ¼Î¿Ï ÎÎ»Î¿Ï ÎÎµ ÎºÎ±ÏÎ±ÎºÏÎ¯Î½ÎµÎ¹.flac,18.54,M
/Poly Panou - Axehastes Epityhies 1/17. Î ÎÎ¼Î±ÏÏÏÎ»Î®.flac,18.33,M
/Poly Panou - Axehastes Epityhies 1/08. ÎÎ½Î± Î£ÏÎ¬Î»Î¼Î± ÎÎºÎ±Î½Î±.flac,18.3,M
/Poly Panou - Axehastes Epityhies 1/18. Î¤Î± Î,Î±Î¹Î´Î¹Î¬ Î¤Î¿Ï Î,ÎµÎ¹ÏÎ±Î¹Î¬.flac,18.22,M
/Poly Panou - Axehastes Epityhies 1/13. Î ÎÏÎ¬ÏÎ¹ÏÏÎ·.flac,18.2,M
/Poly Panou - Axehastes Epityhies 1/15. Î¦Î±ÏÎ¼Î¬ÎºÎ¹ ÎÎ±Î¹ ÎÎ±ÏÎ±Î¯ÏÎ¹.flac,17.99,M
/Poly Panou - Axehastes Epityhies 1/14. ÎÎµÎ»Î±ÏÏÎ¿Î¹Î½Î® Î¤ÏÎ¹Î³Î³Î¬Î½Î± ÎÎ¿Ï.flac,17.99,M
/Poly Panou - Axehastes Epityhies 1/19. Î¦ÏÎ³Îµ ÎÎ¹ ÎÏÎµ ÎÎµ.flac,17.89,M
/Poly Panou - Axehastes Epityhies 1/02. Î,Î±Î¯Î¾Îµ Î§ÏÎ®ÏÏÎ¿ Î¤Î¿ ÎÏÎ¿ÏÎ¶Î¿ÏÎºÎ¹.flac,17.56,M
/Poly Panou - Axehastes Epityhies 1/01. Î£Î²Î®ÏÎµ Î¤Î¿ Î¦ÏÏ ÎÎ± ÎÎ¿Î¹Î¼Î·Î¸Î¿ÏÎ¼Îµ.flac,17.49,M
/Poly Panou - Axehastes Epityhies 1/20. Î Î,Î±Î½ÏÏÎµÎ¼Î­Î½Î·.flac,17.21,M
/Poly Panou - Axehastes Epityhies 1/10. ÎÏÏÏÎµ ÎÎ¿Ï ÎÎ¹Î± Î£ÏÎ¼Î²Î¿ÏÎ»Î®.flac,17.11,M
/Poly Panou - Axehastes Epityhies 1/16. Î¤' ÎÎ´Î­Î»ÏÎ¹Î± ÎÎµÎ½ Î§ÏÏÎ¯Î¶Î¿ÏÎ½Îµ.flac,16.62,M
/Poly Panou - Axehastes Epityhies 1/03. Î¤Î± ÎÎ¹Î¼Î¬Î½Î¹Î±.flac,16.3,M
/Poly Panou - Axehastes Epityhies 1/07. ÎÎ»Î»Î± ÎÎ¿Ï ÎÎµÎ½ Î¤Î± ÎÎ¬ÏÎ¹Î± Î£Î¿Ï.flac,15.82,M
/Poly Panou - Axehastes Epityhies 1/12. Î¤Î¿ ÎÎ±ÏÏÏÎ»Î¯Î´Î¹.flac,15.05,M
/Poly Panou - Axehastes Epityhies 1/front.jpg,3.41,M
/Poly Panou - Axehastes Epityhies 1/back.jpg,3.25,M
/Poly Panou - Axehastes Epityhies 1/cd.jpg,1.99,M
/Poly Panou - Axehastes Epityhies 1/Î,ÏÎ»Ï Î,Î¬Î½Î¿Ï - ÎÎ¾Î­ÏÎ±ÏÏÎµÏ ÎÏÎ¹ÏÏÏÎ¯ÎµÏ 1.log,7.3,K
/Poly Panou - Axehastes Epityhies 1/ÎÎ¾Î­ÏÎ±ÏÏÎµÏ ÎÏÎ¹ÏÏÏÎ¯ÎµÏ 1.cue,3.25,K
/Poly Panou - Axehastes Epityhies 1/ÎÎ¾Î­ÏÎ±ÏÏÎµÏ ÎÏÎ¹ÏÏÏÎ¯ÎµÏ 1.log,2.65,K
/Poly Panou - Axehastes Epityhies 2/05. Î¤Î¿ Î¤ÏÎ±Î³Î¿ÏÎ´Î¹ Î¤Î·Ï Î¦ÏÏÏÎ¿Î»Î¿Î³Î¹Î¬Ï.flac,21.78,M
/Poly Panou - Axehastes Epityhies 2/04. ÎÎ·Î¼ÎµÏÏÎ½ÎµÎ¹ Î ÎÎ¹Î¿ÏÏÎ® Î£Î¿Ï.flac,20.01,M
/Poly Panou - Axehastes Epityhies 2/02. Î¤Î·Ï Î¦ÏÏÏÎµÎ¹Î±Ï Î¤Î± Î,Î±Î¹Î´Î¹Î¬.flac,19.23,M
/Poly Panou - Axehastes Epityhies 2/08. ÎÎ±ÏÏÎ¿Î¼Î¬ÏÎ±-ÎÎ±ÏÏÎ¿Î¼Î¬ÏÎ±.flac,19.12,M
/Poly Panou - Axehastes Epityhies 2/11. Î¤ÏÏÎ± ÎÏÎ®ÎºÎ± ÎÎ½Î±Î½ ÎÎ»Î»Î¿Î½.flac,19.11,M
/Poly Panou - Axehastes Epityhies 2/01. Î£' ÎÎ³Î¬ÏÎ·ÏÎ± ÎÎ±Î¹ Î,ÏÎ½ÎµÏÎ±.flac,19.01,M
/Poly Panou - Axehastes Epityhies 2/03. ÎÎ± Î,Î±Ï ÎÎ± Î,ÎµÎ¹Ï Î¤Î·Ï ÎÎ¬Î½Î±Ï ÎÎ¿Ï.flac,18.54,M
/Poly Panou - Axehastes Epityhies 2/15. Î¦ÏÏÏÎµÎ¹Î± Î,Î¿Ï ÎÎµ ÎÎ¿ÏÏÎ­Î»Î¹Î±ÏÎµÏ.flac,18.47,M
/Poly Panou - Axehastes Epityhies 2/09. ÎÎ¬ÏÎ¿Î¹Î± ÎÎ¬Î½Î± ÎÎ½Î±ÏÏÎµÎ½Î¬Î¶ÎµÎ¹.flac,18.01,M
/Poly Panou - Axehastes Epityhies 2/07. Î£Î±Î½ Î¤ÏÎ¹Î³Î³Î¬Î½Î± ÎÎ± Î£Îµ ÎÏÏÏÏ.flac,17.66,M
/Poly Panou - Axehastes Epityhies 2/12. ÎÎ¼ÎµÎ¯Ï ÎÎ±Î¶Î¯ ÎÎµÎ½ ÎÎ¬Î½Î¿ÏÎ¼Îµ.flac,17.54,M
/Poly Panou - Axehastes Epityhies 2/06. Î¤Î¿ Î,Î±ÏÎµÎ»Î¸ÏÎ½ ÎÎ¿Ï Î¤Î¿ ÎÎ±ÏÏ.flac,17.3,M
/Poly Panou - Axehastes Epityhies 2/10. ÎÏÏÏÎµ Î,Î¿Ï 'ÏÏ Î£ÏÎ½Î½ÎµÏÎ¹Î¬.flac,16.87,M
/Poly Panou - Axehastes Epityhies 2/14. Î ÎÎ³Î¬ÏÎ· ÎÎµÎ½ Î,Î¿ÏÎ»Î¹Î­ÏÎ±Î¹.flac,16.42,M
/Poly Panou - Axehastes Epityhies 2/16. Î¤Î± ÎÏÎµÎ¹ÏÏÎ´Î¹Î±.flac,16.15,M
/Poly Panou - Axehastes Epityhies 2/13. Î' ÎÎ»Î»Î¬Î¾ÎµÎ¹Ï Î¤Î¿ ÎÎ¹Î¿Î»Î¯.flac,12.24,M
/Poly Panou - Axehastes Epityhies 2/front.jpg,3.55,M
/Poly Panou - Axehastes Epityhies 2/back.jpg,3.19,M
/Poly Panou - Axehastes Epityhies 2/cd.jpg,1.84,M
/Poly Panou - Axehastes Epityhies 2/Î,ÏÎ»Ï Î,Î¬Î½Î¿Ï - ÎÎ¾Î­ÏÎ±ÏÏÎµÏ ÎÏÎ¹ÏÏÏÎ¯ÎµÏ 2.log,6.27,K
/Poly Panou - Axehastes Epityhies 2/ÎÎ¾Î­ÏÎ±ÏÏÎµÏ ÎÏÎ¹ÏÏÏÎ¯ÎµÏ 2.cue,2.79,K
/info.doc,40,K
/Torrent downloaded from Demonoid.com.txt,47,B
