Filename,Size,Unit
/Humpday(2009)Dvdr.NL Subs.Nlt-Release(Divx).avi,686.73,M
/Humpday.jpg,24.3,K
/site_logo.gif,18.93,K
/Humpday(2009)Dvdr.NL Subs.Nlt-Release(Divx).txt,905,B
/Nlt-Release belangrijk .txt,528,B
