Title,Type,Files,Size,IMDB,Spoken Languages,Texted Languages,Tags,Quality (+),Quality (-),Uploaded,By,User Type,Seeders,Leechers,Info Hash,Picture,Capture Date
Money as Debt II Promises Unleashed,201,2,216.59 MiB (227113835 Bytes),,English,English,"""money"",""debt"",""federal"",""reserve"",""bailout"",""bankster"",""greed"",""nwo"",""illuminati""",2,0,2009-07-16T18:24:11Z,finding_hope,,15,0,878C8707DE12219AAC765232C1529CDC1510CFE3,,2012-07-29T18:16:45Z
