Filename,Size,Unit
/MONEY_AS_DEBT_II.avi,216.59,M
/Torrent downloaded from Demonoid.com.txt,47,B
