Filename,Size,Unit
Amanda - Rios_Anal_Revenge_6_Scene_4_dvd.wmv,393.85,M
Amanda - Rios_Anal_Revenge_6_Scene_4_dvd_s.jpg,106.16,K
Facial Abuse Discount and Info.txt,276,B
www.facialabuse.com-jaxxx1.wmv,30.07,M
www.facialabuse.com-jaxxx1_s.jpg,170.33,K
