Title,Type,Files,Size,IMDB,Spoken Languages,Texted Languages,Tags,Quality (+),Quality (-),Uploaded,By,User Type,Seeders,Leechers,Info Hash,Picture,Capture Date
Switchfoot Discography (1997 - 2006),101,71,348.69 MiB (365627338 Bytes),,,,,0,0,2009-08-01T04:11:47Z,rustyjerk,,0,0,BAY.SE/5035597/SWITCHFOOT_DISCOGRAPHY_(1,,2012-07-28T11:02:13Z
