Title,Type,Files,Size,IMDB,Spoken Languages,Texted Languages,Tags,Quality (+),Quality (-),Uploaded,By,User Type,Seeders,Leechers,Info Hash,Picture,Capture Date
Gritos y susurros.avi,201,1,700.12 MiB (734124032 Bytes),,Spanish,,,0,0,2010-08-26T16:09:45Z,rayuela69,,0,5,13D1A710D34028DA9E9364B60BBBC76EE37550E1,,2012-07-07T18:19:01Z
