Filename,Size,Unit
/Real Female Orgasms 10 [CD1][PORNO][Hardcore][www.unblogdeporno.com].avi,700.18,M
/Real Female Orgasms 10 [CD2][PORNO][Hardcore][www.unblogdeporno.com].avi,702.24,M
/Real Female Orgasms 10 [CD3][PORNO][Hardcore][www.unblogdeporno.com].avi,701.96,M
