Title,Type,Files,Size,IMDB,Spoken Languages,Texted Languages,Tags,Quality (+),Quality (-),Uploaded,By,User Type,Seeders,Leechers,Info Hash,Picture,Capture Date
[Met-Art] Jenya D - Sensazione [.jpg],503,1,30.38 MiB (31859236 Bytes),,,,"""Met-Art Sex Girls XXX Picture""",1,0,2010-11-19T07:14:06Z,marcco,[V],2,1,607E6EC9515636720086CFDE1A6A6FC1F8037778,http://image.bayimg.com/baaepaadl.jpg,2012-07-03T21:58:30Z
