Filename,Size,Unit
OutRun 2006 - Coast 2 Coast (PAL-NTSC) PS2.7z,706.37,M
