Title,Type,Files,Size,IMDB,Spoken Languages,Texted Languages,Tags,Quality (+),Quality (-),Uploaded,By,User Type,Seeders,Leechers,Info Hash,Picture,Capture Date
Big Bodacious Knockers 7 (2009),501,2,1.36 GiB (1460717568 Bytes),,English,,"""Shyla Stylez"",""Talon"",""Katie Kox"",""Mario Cassini"",""Kya Tropic"",""Angelica Raven"",""Chris Strokes"",""Sonya Sage"",""Billy Glide"",""Steve Taylor""",0,0,2009-12-15T21:22:43Z,webchella,[V],0,0,CED104E420E4AB0815C2C059BDD2E00CE3135EDC,,2012-07-23T10:48:20Z
