Title,Type,Files,Size,IMDB,Spoken Languages,Texted Languages,Tags,Quality (+),Quality (-),Uploaded,By,User Type,Seeders,Leechers,Info Hash,Picture,Capture Date
[Met-Art] Sophie D - Relaxing [.jpg],503,1,37.37 MiB (39190343 Bytes),,,,"""Met-Art Sex Girls XXX Picture""",0,0,2010-06-09T09:51:19Z,marcco,[V],0,0,ECB6C28B7B725E99FA910F57F0A0C94A3A40D8EB,http://image.bayimg.com/eanjbaacc.jpg,2012-07-15T00:29:17Z
