Filename,Size,Unit
Torrent Download From www.mastitorrents.com.txt,321,B
Vande Matharam (2010) TC DVDRip 1CD.x264 ACC 2.1(www.mastitorrents.com).mp4,745.11,M
