Title,Type,Files,Size,IMDB,Spoken Languages,Texted Languages,Tags,Quality (+),Quality (-),Uploaded,By,User Type,Seeders,Leechers,Info Hash,Picture,Capture Date
Cock Pictures D  (VA TECH),503,353,41.23 MiB (43231292 Bytes),,,,"""cock"",""dick"",""hung"",""pics"",""pictures""",0,0,2009-11-02T12:26:08Z,jim.hambone,,0,0,7F09D944432B7683ECA074A1F4F68EBA6B02F296,http://image.bayimg.com/oabjdaaca.jpg,2012-07-25T12:47:05Z
