Filename,Size,Unit
/Case39.SWESUB.DVDRip.XviD-DVD-Uploader.avi,699.88,M
