Filename,Size,Unit
Group Sex [2010].avi,701.71,M
MXMGâ¢.nfo,2.78,K
Torrent Downloaded from Limetorrents.com.txt,46,B
