Filename,Size,Unit
Fucked Hard 18 - Teagan Summers [720p].wmv,663.69,M
