Filename,Size,Unit
2002 - Mind Games (Remastered).zip,43.95,M
