Filename,Size,Unit
/03-tieum_and_ophidian-black_sun.mp3,12.44,M
/04-tieum_and_ophidian-syst3m.mp3,11.64,M
/02-tieum_and_ophidian-burn_them.mp3,11.1,M
/01-tieum_and_ophidian-distorted_information.mp3,10.98,M
/untitled.bmp,263.72,K
/site_logo.gif,18.93,K
/00-tieum_and_ophidian-distorted_information-(a8016)-web-2010-ukhx.nfo,5.6,K
/Belangrijk.txt,784,B
/00-tieum_and_ophidian-distorted_information-(a8016)-web-2010-ukhx.sfv,193,B
/00-tieum_and_ophidian-distorted_information-(a8016)-web-2010-ukhx.m3u,153,B
/Torrent_downloaded_from_Demonoid.com.txt,47,B
