User Type,Username,Date,Text
,bigturd,2010-03-25T10:45Z,Thank you.
,Ekaff2,2010-05-23T14:52Z,thanks for the effort!
,murrambingi,2010-08-25T12:25Z,thx 4 the upload :)
,QeeD_,2010-09-16T23:48Z,Cheers...!
,andep2000,2011-05-02T15:54Z,Didn't think I'd find it. Thank you! and thank you to the uploaders.
,Tatletz,2011-06-23T09:23Z,Thank you AdminLT  for your time and effort!
,drako314,2012-01-15T04:14Z,"Great little series i highly recommend for Jamie Oliver fans.
A=9.5
V=9
Great quality even on 1080 hi def screen.

Thx!(all eps present 1-6)"
,mEmOkIrI,2012-07-01T12:52Z,cheers man :)
