Filename,Size,Unit
ih_melanie_jane.wmv,678.8,M
