Filename,Size,Unit
The.Good.the.Bad.and.the.Ugly.SWESUB.DVDRip.Xvid-Hassman.CD01.avi,699.72,M
The.Good.the.Bad.and.the.Ugly.SWESUB.DVDRip.Xvid-Hassman.CD02.avi,699.41,M
www.dreamseed.nu.txt,54,B
