Filename,Size,Unit
How.To.Rob.A.Bank.2007.x264.AAC.NORDIC.mkv-Zen_Bud .mkv,714.5,M
