Title,Type,Files,Size,IMDB,Spoken Languages,Texted Languages,Tags,Quality (+),Quality (-),Uploaded,By,User Type,Seeders,Leechers,Info Hash,Picture,Capture Date
Imagine: John Lennon (HD),203,2,1.85 GiB (1989577843 Bytes),http://www.imdb.com/title/tt0095360/,,,"""John Lennon Beatles Yoko Briti""",3,0,2009-07-13T16:40:30Z,Anonymous,,3,2,5D45EA089418B1596451964817A1DBB72C909B43,,2012-07-29T21:27:00Z
