Filename,Size,Unit
Black Eyed Peas - Rock That Body.mp3,4.1,M
