Title,Type,Files,Size,IMDB,Spoken Languages,Texted Languages,Tags,Quality (+),Quality (-),Uploaded,By,User Type,Seeders,Leechers,Info Hash,Picture,Capture Date
Toy Story 3 2010 R5 XViD AC3-DECADE,201,4,1.39 GiB (1487724132 Bytes),,English,,,2,0,2010-10-09T04:27:49Z,xenl,,0,0,C900797114544DEDFE713F78A8EEC92AF265B9F1,,2012-07-05T17:54:20Z
