Title,Type,Files,Size,IMDB,Spoken Languages,Texted Languages,Tags,Quality (+),Quality (-),Uploaded,By,User Type,Seeders,Leechers,Info Hash,Picture,Capture Date
FTV.Ashlyn.25.07.2010,699,303,102.28 MiB (107250317 Bytes),,,,,0,0,2010-07-31T08:22:27Z,Anonymous,,2,0,952DE188AA83A5119CE1BD182FD21FEBDD8B26D6,,2012-07-09T07:43:07Z
