Title,Type,Files,Size,IMDB,Spoken Languages,Texted Languages,Tags,Quality (+),Quality (-),Uploaded,By,User Type,Seeders,Leechers,Info Hash,Picture,Capture Date
Prom Meo 2010,603,640,3.19 GiB (3425237478 Bytes),,,,"""promo""",0,0,2010-06-29T14:02:24Z,Meo2010,,0,0,E2F4580398EDE6F0297212017C83C0477DB89895,,2012-07-13T15:11:20Z
