Title,Type,Files,Size,IMDB,Spoken Languages,Texted Languages,Tags,Quality (+),Quality (-),Uploaded,By,User Type,Seeders,Leechers,Info Hash,Picture,Capture Date
[Wii] Guitar Hero 3 Custom - Nightwish,405,2,4.38 GiB (4699979823 Bytes),,,,"""guitar hero nightwish""",0,0,2009-09-05T15:00:53Z,FartOnMe,,2,1,9B029A83827065558DC4E86B4F90E6319BA5D2EB,,2012-07-27T09:51:19Z
