Filename,Size,Unit
01 - The Nature of Physics.avi,224.32,M
