Filename,Size,Unit
folder.jpg,12.19,K
sebaygo1_TorrentsAndBlogInfo_ver2.pdf,9.33,K
What_Really_Happened_2010_08_21__1.mp3,16.95,M
What_Really_Happened_2010_08_21__2.mp3,17.33,M
WRH_2010_08_21_show_info.txt.nfo,3.01,K
