Filename,Size,Unit
Fresh Booty [XXX.2010.DVDRip].wmv,2.39,G
