Title,Type,Files,Size,IMDB,Spoken Languages,Texted Languages,Tags,Quality (+),Quality (-),Uploaded,By,User Type,Seeders,Leechers,Info Hash,Picture,Capture Date
Sunrise Festival 2009 [DVD9][House.Trance][Ac3][2009][oalbums.co,203,1,7.96 GiB (8543666344 Bytes),,,,,2,0,2009-12-25T13:50:07Z,klein155,[T],2,0,CBCD87F5244E2D23DC35E21089661B1D63DA6581,,2012-07-23T01:50:34Z
