Filename,Size,Unit
AnalAssaultCD1.avi,698.43,M
AnalAssaultCD2.avi,699.52,M
