Filename,Size,Unit
/La Pecera De Eva 1x18 DVB Spanish.avi,174.25,M
/La Pecera De Eva 1x19 DVB Spanish.avi,174.31,M
/La Pecera De Eva 1x20 DVB Spanish.avi,231.97,M
/La Pecera De Eva 1x21 DVB Spanish.avi,174.34,M
