Filename,Size,Unit
/nbwleximarco_qt.wmv,291.87,M
