Filename,Size,Unit
/Playboy Venezuela - Dece 2009_RLSforum.net.pdf,31.19,M
