Filename,Size,Unit
Colonia Brigada Criminal 5x13 DVB Spanish - Divxatope.com.avi,349.99,M
