Filename,Size,Unit
The Passionate Programmer (2009) - (Malestrom).pdf,1.16,M
