Filename,Size,Unit
Bang Rajan 2 DVDR NL Subs NLT-Release (Divx)/Bang Rajan 2 DVDR NL Subs NLT-Release (Divx) .avi,698.68,M
Bang Rajan 2 DVDR NL Subs NLT-Release (Divx).txt,957,B
Bang Rajan 2.jpg,23.54,K
NLT Logo.png,53.17,K
Nlt-Release belangrijk .txt,549,B
Torrent downloaded from Demonoid.com.txt,47,B
