Title,Type,Files,Size,IMDB,Spoken Languages,Texted Languages,Tags,Quality (+),Quality (-),Uploaded,By,User Type,Seeders,Leechers,Info Hash,Picture,Capture Date
Pranked.S01E07.DSR.XviD-MiNDTHEGAP,205,13,174.77 MiB (183261526 Bytes),,,,,0,0,2010-07-04T04:15:28Z,scenebalance,[V],0,0,2C0D6E8DDFF7B6EECA48343F874FAFD9A273B30F,,2012-07-13T10:02:14Z
