User Type,Username,Date,Text
[T],fabunbutaps,2011-11-13T02:51Z,thank a lot for seeding ;)
