Filename,Size,Unit
/Info Documents/English Info.rtf,460,B
/Info Documents/Greek - Divx7 video.doc,1.26,K
/Info Documents/Greek Info.doc,1.89,K
/Info Documents/Media Info.txt,2.47,K
/Snapsots/Battle Planet_21.jpg,63.57,K
/Snapsots/Battle Planet_35.jpg,29.33,K
/Snapsots/Battle Planet_43.jpg,33.51,K
/Snapsots/Battle Planet_55.jpg,39.2,K
/Snapsots/Battle Planet_58.jpg,57.04,K
/Snapsots/Battle Planet_8.jpg,28.37,K
/Battle Planet - Sample.divx,14.2,M
/Battle Planet - The Movie.divx,703.95,M
/Battle Planet - Trailer.mp4,7.1,M
