Title,Type,Files,Size,IMDB,Spoken Languages,Texted Languages,Tags,Quality (+),Quality (-),Uploaded,By,User Type,Seeders,Leechers,Info Hash,Picture,Capture Date
40 Animals Full HD Wallpapers 1920 X 1080,603,2,14.12 MiB (14804965 Bytes),,,,"""wallpapers"",""animals"",""predators""",0,0,2010-06-30T18:49:27Z,nicobolso1899,[V],0,0,E556C161A1A1D93BED2BDC671691713C4C390F3B,http://image.bayimg.com/hankbaacg.jpg,2012-07-13T13:36:32Z
