Title,Type,Files,Size,IMDB,Spoken Languages,Texted Languages,Tags,Quality (+),Quality (-),Uploaded,By,User Type,Seeders,Leechers,Info Hash,Picture,Capture Date
EastEnders.S26E76.WS.PDTV.XviD-watbath,205,5,233.05 MiB (244375631 Bytes),,,,,0,0,2010-05-13T22:25:11Z,TvTeam,[V],0,0,6A1C4E513951311F16591FF79D3142064FE59162,,2012-07-16T06:35:28Z
