Filename,Size,Unit
/AKANE MANIAX-OVA1-3/Akane3Maniax.rmvb,125.87,M
/AKANE MANIAX-OVA1-3/Akane2Maniax.rmvb,122.94,M
/EPISODES-1-14/[Oneirobatis] Kimi Ga Nozomu Eien 01.avi,230.61,M
/EPISODES-1-14/[Oneirobatis] Kimi Ga Nozomu Eien 02.avi,230.59,M
/EPISODES-1-14/[Oneirobatis] Kimi Ga Nozomu Eien 03.avi,229.98,M
/EPISODES-1-14/[Oneirobatis] Kimi Ga Nozomu Eien 12.avi,199.35,M
/EPISODES-1-14/[Oneirobatis] Kimi Ga Nozomu Eien 13.avi,199.35,M
/EPISODES-1-14/[Oneirobatis] Kimi Ga Nozomu Eien 14.avi,199.11,M
/EPISODES-1-14/[Oneirobatis] Kimi Ga Nozomu Eien 09.avi,174.94,M
/EPISODES-1-14/[Oneirobatis] Kimi Ga Nozomu Eien 10.avi,174.93,M
/EPISODES-1-14/[Oneirobatis] Kimi Ga Nozomu Eien 06.avi,174.93,M
/EPISODES-1-14/[Oneirobatis] Kimi Ga Nozomu Eien 11.avi,174.93,M
/EPISODES-1-14/[Oneirobatis] Kimi Ga Nozomu Eien 07.avi,174.93,M
/EPISODES-1-14/[Oneirobatis] Kimi Ga Nozomu Eien 08.avi,174.92,M
/EPISODES-1-14/[Oneirobatis] Kimi Ga Nozomu Eien 05.avi,174.84,M
/EPISODES-1-14/[Oneirobatis] Kimi Ga Nozomu Eien 04.avi,174.82,M
/NEXT SEASON-OVA1-3/Kimi ga Nozomu Eien - Next Season - 01.avi,201.01,M
/NEXT SEASON-OVA1-3/(sokratis)  Kimi ga Nozomu Eien OVA ~Next Season~ 03.avi,175.96,M
/NEXT SEASON-OVA1-3/[BakaWolf-m.3.3.w] Kimi ga Nozomu Eien OVA ~Next Season~ 02 [C28251D5].avi,174.47,M
/NEXT SEASON-OVA1-3/[BakaWolf-m.3.3.w] Kimi ga Nozomu Eien OVA ~Next Season~ 02 (H.264) [95FFD093].mkv,120.5,M
/NEXT SEASON-OVA1-3/(sokratis)  Kimi ga Nozomu Eien OVA ~Next Season~ 03.part1.rar,100,M
/NEXT SEASON-OVA1-3/(sokratis)  Kimi ga Nozomu Eien OVA ~Next Season~ 03.part2.rar,70.22,M
/NEXT SEASON-OVA1-3/[Oneirobatis] Kimi Ga Nozomu Eien - Teaser v2.avi,31.69,M
/PICTURES/untitled1.bmp,2.25,M
/PICTURES/untitled.bmp,1.37,M
/PICTURES/untitled5.bmp,900.05,K
/PICTURES/untitled9.bmp,900.05,K
/PICTURES/untitled6.bmp,900.05,K
/PICTURES/untitled12.bmp,900.05,K
/PICTURES/untitled8.bmp,900.05,K
/PICTURES/untitled4.bmp,900.05,K
/PICTURES/untitled7.bmp,900.05,K
/PICTURES/untitled10.bmp,900.05,K
/PICTURES/untitled11.bmp,900.05,K
/PICTURES/untitled3.bmp,900.05,K
/PICTURES/untitled2.bmp,900.05,K
/PICTURES/Soft-image-kimi-ga-nozomu-eien-0927.jpg,408.01,K
/PICTURES/conflict_1024.jpg,143.26,K
/PICTURES/Kimi-ga-Nozomu-Eien-01.jpg,137.34,K
/PICTURES/Kimi-ga-Nozomu-Eien-16.jpg,131.43,K
/PICTURES/Kimi-ga-Nozomu-Eien-02.jpg,123.32,K
/PICTURES/Kimi-ga-Nozomu-Eien-19.jpg,111.86,K
/PICTURES/Kimi-ga-Nozomu-Eien-12.jpg,104.59,K
/PICTURES/Kimi-ga-Nozomu-Eien-15.jpg,90.98,K
/PICTURES/Kimi-ga-Nozomu-Eien-17.jpg,77.93,K
/PICTURES/Kimi-ga-Nozomu-Eien-07.jpg,77.91,K
/PICTURES/Kimi-ga-Nozomu-Eien-20.jpg,76.97,K
/PICTURES/Kimi-ga-Nozomu-Eien-24.jpg,75.37,K
/PICTURES/Kimi-ga-Nozomu-Eien-04.jpg,74.81,K
/PICTURES/Kimi-ga-Nozomu-Eien-23.jpg,73.45,K
/PICTURES/Kimi-ga-Nozomu-Eien-21.jpg,72.38,K
/PICTURES/Kimi-ga-Nozomu-Eien-05.jpg,72,K
/PICTURES/Kimi-ga-Nozomu-Eien-14.jpg,68.63,K
/PICTURES/Kimi-ga-Nozomu-Eien-22.jpg,68.61,K
/PICTURES/Kimi-ga-Nozomu-Eien-06.jpg,63.54,K
/PICTURES/Kimi-ga-Nozomu-Eien-13.jpg,63.45,K
/PICTURES/Kimi-ga-Nozomu-Eien-25.jpg,59.9,K
/PICTURES/Kimi-ga-Nozomu-Eien-03.jpg,57.64,K
/PICTURES/Kimi-ga-Nozomu-Eien-09.jpg,54.52,K
/PICTURES/Kimi-ga-Nozomu-Eien-18.jpg,38.21,K
/PICTURES/Kimi-ga-Nozomu-Eien-25mini.jpg,4.15,K
/SOUNDTRAX/19-rumbling-hearts-pf-version-.mp3,2.24,M
