Filename,Size,Unit
/INFO 2Lions Team/Requiem_For_A_Dream_Dutch_R2-[cdcovers_cc]-front.jpg,2.5,M
/INFO 2Lions Team/logo 2Lions.jpg,314.99,K
/INFO 2Lions Team/poster.jpg,23.68,K
/INFO 2Lions Team/Requiem for a Dream (2000) Flora 2lions-Team.txt,2.39,K
/INFO 2Lions Team/Read.Me.1st.[Movie-Torrentz].txt,2.2,K
/INFO 2Lions Team/Torrents aan geboden door _2lions.ons-forum.nl.txt,935,B
/INFO 2Lions Team/Torrent_downloaded_from_AhaShare.com.txt,640,B
/INFO 2Lions Team/Torrent_downloaded_from_Demonoid.com.txt,628,B
/VIDEO_TS/VTS_18_1.VOB,1024,M
/VIDEO_TS/VTS_18_2.VOB,1024,M
/VIDEO_TS/VTS_18_3.VOB,1024,M
/VIDEO_TS/VTS_18_4.VOB,633.27,M
/VIDEO_TS/VTS_01_0.VOB,260.52,M
/VIDEO_TS/VTS_21_1.VOB,120.78,M
/VIDEO_TS/VTS_22_1.VOB,66.36,M
/VIDEO_TS/VTS_17_1.VOB,18.29,M
/VIDEO_TS/VTS_23_1.VOB,16.93,M
/VIDEO_TS/VTS_33_1.VOB,10.01,M
/VIDEO_TS/VTS_31_1.VOB,9.76,M
/VIDEO_TS/VTS_16_1.VOB,7.63,M
/VIDEO_TS/VTS_05_1.VOB,6.84,M
/VIDEO_TS/VTS_30_1.VOB,6.7,M
/VIDEO_TS/VTS_11_1.VOB,6.56,M
/VIDEO_TS/VTS_07_1.VOB,5.82,M
/VIDEO_TS/VTS_19_1.VOB,5.47,M
/VIDEO_TS/VTS_09_1.VOB,4.62,M
/VIDEO_TS/VTS_20_1.VOB,4.46,M
/VIDEO_TS/VTS_13_1.VOB,4.1,M
/VIDEO_TS/VTS_32_1.VOB,3.53,M
/VIDEO_TS/VTS_04_1.VOB,2.95,M
/VIDEO_TS/VTS_26_1.VOB,2.27,M
/VIDEO_TS/VTS_27_1.VOB,2.27,M
/VIDEO_TS/VTS_29_1.VOB,1.86,M
/VIDEO_TS/VTS_15_1.VOB,1.8,M
/VIDEO_TS/VTS_24_1.VOB,1.61,M
/VIDEO_TS/VTS_06_1.VOB,810,K
/VIDEO_TS/VTS_14_1.VOB,810,K
/VIDEO_TS/VTS_08_1.VOB,810,K
/VIDEO_TS/VTS_10_1.VOB,810,K
/VIDEO_TS/VTS_12_1.VOB,810,K
/VIDEO_TS/VTS_25_1.VOB,784,K
/VIDEO_TS/VTS_28_1.VOB,588,K
/VIDEO_TS/VTS_07_0.VOB,154,K
/VIDEO_TS/VTS_08_0.VOB,154,K
/VIDEO_TS/VTS_03_0.VOB,154,K
/VIDEO_TS/VTS_09_0.VOB,154,K
/VIDEO_TS/VTS_06_0.VOB,154,K
/VIDEO_TS/VTS_17_0.VOB,154,K
/VIDEO_TS/VTS_21_0.VOB,154,K
/VIDEO_TS/VTS_10_0.VOB,154,K
/VIDEO_TS/VTS_25_0.VOB,154,K
/VIDEO_TS/VTS_32_0.VOB,154,K
/VIDEO_TS/VTS_24_0.VOB,154,K
/VIDEO_TS/VTS_11_0.VOB,154,K
/VIDEO_TS/VTS_31_0.VOB,154,K
/VIDEO_TS/VTS_15_0.VOB,154,K
/VIDEO_TS/VTS_30_0.VOB,154,K
/VIDEO_TS/VTS_12_0.VOB,154,K
/VIDEO_TS/VTS_19_0.VOB,154,K
/VIDEO_TS/VTS_29_0.VOB,154,K
/VIDEO_TS/VTS_28_0.VOB,154,K
/VIDEO_TS/VTS_13_0.VOB,154,K
/VIDEO_TS/VTS_27_0.VOB,154,K
/VIDEO_TS/VTS_18_0.VOB,154,K
/VIDEO_TS/VTS_26_0.VOB,154,K
/VIDEO_TS/VTS_14_0.VOB,154,K
/VIDEO_TS/VTS_22_0.VOB,154,K
/VIDEO_TS/VTS_20_0.VOB,154,K
/VIDEO_TS/VTS_23_0.VOB,154,K
/VIDEO_TS/VTS_33_0.VOB,154,K
/VIDEO_TS/VTS_16_0.VOB,154,K
/VIDEO_TS/VTS_02_0.VOB,146,K
/VIDEO_TS/VTS_05_0.VOB,146,K
/VIDEO_TS/VTS_04_0.VOB,146,K
/VIDEO_TS/VIDEO_TS.VOB,146,K
/VIDEO_TS/VTS_01_1.VOB,140,K
/VIDEO_TS/VTS_03_1.VOB,112,K
/VIDEO_TS/VTS_18_0.BUP,80,K
/VIDEO_TS/VTS_18_0.IFO,80,K
/VIDEO_TS/VIDEO_TS.IFO,52,K
/VIDEO_TS/VTS_01_0.IFO,52,K
/VIDEO_TS/VTS_01_0.BUP,52,K
/VIDEO_TS/VIDEO_TS.BUP,52,K
/VIDEO_TS/VTS_21_0.IFO,38,K
/VIDEO_TS/VTS_21_0.BUP,38,K
/VIDEO_TS/VTS_22_0.BUP,30,K
/VIDEO_TS/VTS_22_0.IFO,30,K
/VIDEO_TS/VTS_02_1.VOB,28,K
/VIDEO_TS/VTS_17_0.BUP,20,K
/VIDEO_TS/VTS_15_0.IFO,20,K
/VIDEO_TS/VTS_23_0.IFO,20,K
/VIDEO_TS/VTS_17_0.IFO,20,K
/VIDEO_TS/VTS_23_0.BUP,20,K
/VIDEO_TS/VTS_15_0.BUP,20,K
/VIDEO_TS/VTS_05_0.BUP,18,K
/VIDEO_TS/VTS_20_0.IFO,18,K
/VIDEO_TS/VTS_04_0.IFO,18,K
/VIDEO_TS/VTS_20_0.BUP,18,K
/VIDEO_TS/VTS_06_0.BUP,18,K
/VIDEO_TS/VTS_19_0.BUP,18,K
/VIDEO_TS/VTS_19_0.IFO,18,K
/VIDEO_TS/VTS_07_0.IFO,18,K
/VIDEO_TS/VTS_06_0.IFO,18,K
/VIDEO_TS/VTS_07_0.BUP,18,K
/VIDEO_TS/VTS_16_0.IFO,18,K
/VIDEO_TS/VTS_03_0.IFO,18,K
/VIDEO_TS/VTS_24_0.BUP,18,K
/VIDEO_TS/VTS_24_0.IFO,18,K
/VIDEO_TS/VTS_16_0.BUP,18,K
/VIDEO_TS/VTS_03_0.BUP,18,K
/VIDEO_TS/VTS_25_0.BUP,18,K
/VIDEO_TS/VTS_25_0.IFO,18,K
/VIDEO_TS/VTS_05_0.IFO,18,K
/VIDEO_TS/VTS_08_0.BUP,18,K
/VIDEO_TS/VTS_26_0.BUP,18,K
/VIDEO_TS/VTS_26_0.IFO,18,K
/VIDEO_TS/VTS_14_0.IFO,18,K
/VIDEO_TS/VTS_14_0.BUP,18,K
/VIDEO_TS/VTS_27_0.BUP,18,K
/VIDEO_TS/VTS_27_0.IFO,18,K
/VIDEO_TS/VTS_08_0.IFO,18,K
/VIDEO_TS/VTS_02_0.IFO,18,K
/VIDEO_TS/VTS_28_0.BUP,18,K
/VIDEO_TS/VTS_28_0.IFO,18,K
/VIDEO_TS/VTS_13_0.IFO,18,K
/VIDEO_TS/VTS_02_0.BUP,18,K
/VIDEO_TS/VTS_29_0.BUP,18,K
/VIDEO_TS/VTS_29_0.IFO,18,K
/VIDEO_TS/VTS_13_0.BUP,18,K
/VIDEO_TS/VTS_09_0.BUP,18,K
/VIDEO_TS/VTS_30_0.BUP,18,K
/VIDEO_TS/VTS_30_0.IFO,18,K
/VIDEO_TS/VTS_12_0.IFO,18,K
/VIDEO_TS/VTS_12_0.BUP,18,K
/VIDEO_TS/VTS_31_0.BUP,18,K
/VIDEO_TS/VTS_31_0.IFO,18,K
/VIDEO_TS/VTS_09_0.IFO,18,K
/VIDEO_TS/VTS_11_0.IFO,18,K
/VIDEO_TS/VTS_32_0.BUP,18,K
/VIDEO_TS/VTS_32_0.IFO,18,K
/VIDEO_TS/VTS_11_0.BUP,18,K
/VIDEO_TS/VTS_10_0.BUP,18,K
/VIDEO_TS/VTS_33_0.BUP,18,K
/VIDEO_TS/VTS_33_0.IFO,18,K
/VIDEO_TS/VTS_10_0.IFO,18,K
/VIDEO_TS/VTS_04_0.BUP,18,K
