User Type,Username,Date,Text
,JOR23,2011-02-19T02:57Z,se ve que esta interesting...
,JOR23,2011-02-19T03:14Z,it is a real fast download...1.8mb/sec
,thegr8luiz,2011-04-08T14:26Z,Thank you very much for your time and effort to share this with us.
[T],insinuendo,2011-04-17T13:50Z,http://thepiratebay.org/torrent/6314431/VA_-_Across_The_Universe_-_Soundtrack_(2007)_[FLAC]
