Filename,Size,Unit
/Read This Guide Now.txt,493,B
/silent.library.us.0220-yestv.avi,174.77,M
/silent.library.us.0220-yestv.nfo,164,B
/silent.library.us.0220-yestv.sfv,559,B
/www.Torrentday.com.txt,493,B
