Filename,Size,Unit
/jay.leno.2010.03.08.simon.cowell.720p.hdtv.x264-lmao.nfo,1.54,K
/jay.leno.2010.03.08.simon.cowell.720p.hdtv.x264-lmao.r00,47.68,M
/jay.leno.2010.03.08.simon.cowell.720p.hdtv.x264-lmao.r01,47.68,M
/jay.leno.2010.03.08.simon.cowell.720p.hdtv.x264-lmao.r02,47.68,M
/jay.leno.2010.03.08.simon.cowell.720p.hdtv.x264-lmao.r03,47.68,M
/jay.leno.2010.03.08.simon.cowell.720p.hdtv.x264-lmao.r04,47.68,M
/jay.leno.2010.03.08.simon.cowell.720p.hdtv.x264-lmao.r05,47.68,M
/jay.leno.2010.03.08.simon.cowell.720p.hdtv.x264-lmao.r06,47.68,M
/jay.leno.2010.03.08.simon.cowell.720p.hdtv.x264-lmao.r07,47.68,M
/jay.leno.2010.03.08.simon.cowell.720p.hdtv.x264-lmao.r08,47.68,M
/jay.leno.2010.03.08.simon.cowell.720p.hdtv.x264-lmao.r09,47.68,M
/jay.leno.2010.03.08.simon.cowell.720p.hdtv.x264-lmao.r10,47.68,M
/jay.leno.2010.03.08.simon.cowell.720p.hdtv.x264-lmao.r11,47.68,M
/jay.leno.2010.03.08.simon.cowell.720p.hdtv.x264-lmao.r12,47.68,M
/jay.leno.2010.03.08.simon.cowell.720p.hdtv.x264-lmao.r13,47.68,M
/jay.leno.2010.03.08.simon.cowell.720p.hdtv.x264-lmao.r14,47.68,M
/jay.leno.2010.03.08.simon.cowell.720p.hdtv.x264-lmao.r15,47.68,M
/jay.leno.2010.03.08.simon.cowell.720p.hdtv.x264-lmao.r16,47.68,M
/jay.leno.2010.03.08.simon.cowell.720p.hdtv.x264-lmao.r17,47.68,M
/jay.leno.2010.03.08.simon.cowell.720p.hdtv.x264-lmao.r18,47.68,M
/jay.leno.2010.03.08.simon.cowell.720p.hdtv.x264-lmao.r19,47.68,M
/jay.leno.2010.03.08.simon.cowell.720p.hdtv.x264-lmao.r20,47.68,M
/jay.leno.2010.03.08.simon.cowell.720p.hdtv.x264-lmao.r21,47.68,M
/jay.leno.2010.03.08.simon.cowell.720p.hdtv.x264-lmao.r22,23.03,M
/jay.leno.2010.03.08.simon.cowell.720p.hdtv.x264-lmao.rar,47.68,M
/jay.leno.2010.03.08.simon.cowell.720p.hdtv.x264-lmao.sfv,1.57,K
/Read-Me.txt,402,B
/Sample/jay.leno.2010.03.08.simon.cowell.720p.hdtv.x264-lmao.sample.mkv,21.03,M
/www.torrentday.com.txt,402,B
