User Type,Username,Date,Text
,Sivir,2011-06-30T09:42Z,SEEEEEEEEEED
