User Type,Username,Date,Text
[T],umbraco1,2010-04-16T15:40Z,Thanks
