Title,Type,Files,Size,IMDB,Spoken Languages,Texted Languages,Tags,Quality (+),Quality (-),Uploaded,By,User Type,Seeders,Leechers,Info Hash,Picture,Capture Date
BioShock 2 - Random Gameplay [720p HD],207,3,334.68 MiB (350935192 Bytes),,English,English,"""bioshock 2"",""gameplay"",""pc game"",""shooter""",0,0,2010-03-24T11:35:30Z,Anonymous,,0,0,E1C5C5E7A8D68E714E1BBC02B85384BA2E12526C,,2012-07-18T18:19:56Z
