Filename,Size,Unit
bestdivx-mboy.avi,700.17,M
bestdivx-mboy.nfo,149,B
Read This Guide Now.txt,502,B
Sample/bestdivx-mboy-sample.avi,7.22,M
Subs/bestdivx-mboy.idx,336.67,K
www.Torrentday.com.txt,502,B
