Filename,Size,Unit
Survivor.S20E08.HDTV.XviD-CHGRP.avi,350.22,M
