User Type,Username,Date,Text
,SamHefron,2010-10-29T17:01Z,Any chance of Eps 4 & 5...?
