User Type,Username,Date,Text
,ojaideadhead,2010-11-06T05:36Z,"ecolo! you rock,,,great great downloads....Jewels!"
