Title,Type,Files,Size,IMDB,Spoken Languages,Texted Languages,Tags,Quality (+),Quality (-),Uploaded,By,User Type,Seeders,Leechers,Info Hash,Picture,Capture Date
Jamie.Olivers.Food.Revolution.S01E06.HDTV.XviD-2HD,205,5,349.85 MiB (366848301 Bytes),,,,,0,0,2010-04-24T07:07:55Z,TvTeam,[V],5,1,91BDB16C31C2043B211ADF0E6CE50F4A6B3D173B,,2012-07-17T13:28:22Z
