Title,Type,Files,Size,IMDB,Spoken Languages,Texted Languages,Tags,Quality (+),Quality (-),Uploaded,By,User Type,Seeders,Leechers,Info Hash,Picture,Capture Date
Last Window : The Secret Of Cape West[NDS](simmyboy80),406,1,108.25 MiB (113512174 Bytes),,,,"""simmyboy80 nintendo DS DSI ROM""",2,0,2010-09-17T01:27:20Z,simmyboy80,[T],14,1,CF3DB31EA394FF65386D5FCFCE257D67D0B5ECA6,http://image.bayimg.com/oapjkaacb.jpg,2012-07-06T12:34:04Z
