Filename,Size,Unit
/The.Vampire.Diaries.S01E12.SWESUB.HDTV.XviD-Tinkerbell.avi,350,M
/The.Vampire.Diaries.S01E13.SWESUB.HDTV.XviD-Tinkerbell.avi,350,M
/The.Vampire.Diaries.S01E14.SWESUB.HDTV.XviD-Tinkerbell.avi,349.01,M
/DreamSeed.nu.txt,871,B
