Title,Type,Files,Size,IMDB,Spoken Languages,Texted Languages,Tags,Quality (+),Quality (-),Uploaded,By,User Type,Seeders,Leechers,Info Hash,Picture,Capture Date
"[DivineBitches.com / Kink.com] Sep 8, 2010 - DragonLily, Nomad a",501,1,528.8 MiB (554487816 Bytes),,,,,0,0,2010-09-10T13:44:45Z,exmnova,[T],0,0,91AEA10D609BB2B432C2AC62274E8F1B4DADD75C,,2012-07-06T18:56:25Z
