Filename,Size,Unit
Motorway.Patrol.S11E04.PDTV.XviD-FiHTV.avi,174.53,M
release.nfo,4.48,K
