Title,Type,Files,Size,IMDB,Spoken Languages,Texted Languages,Tags,Quality (+),Quality (-),Uploaded,By,User Type,Seeders,Leechers,Info Hash,Picture,Capture Date
Robinson Crosue on Mars-SOS Naufragio nello spazio[XviD-Ita Eng ,201,1,1.09 GiB (1175304192 Bytes),,English,,,0,0,2010-01-28T14:31:12Z,robbyrs3,,1,2,B8632D32E3F3F80736077495305526E4A35784D0,,2012-07-21T09:29:06Z
