Filename,Size,Unit
1996 - IEM/01-Gospel According to the I.E.M..mp3,23.79,M
1996 - IEM/04-Deafman.mp3,16.6,M
1996 - IEM/03-Fie Kesh.mp3,15.43,M
1996 - IEM/02-Last Will and Testament of Emma Peel.mp3,14.99,M
1996 - IEM/05-Headphone Dust (CD Only).mp3,11.36,M
1996 - IEM/folder.jpg,12.04,K
1999 - An Escalator To Christmas/01 - an escalator to christmas (complete).mp3,18.91,M
1999 - An Escalator To Christmas/02 - headphone dust.mp3,10.45,M
1999 - An Escalator To Christmas/03 - telegraph (extract from 'four ways').mp3,6,M
1999 - An Escalator To Christmas/05 - an escalator to xmas.mp3,4.68,M
1999 - An Escalator To Christmas/06 - in a place of a requiem.mp3,2.9,M
1999 - An Escalator To Christmas/04 - any note you want.mp3,731.61,K
1999 - An Escalator To Christmas/07 - telegraph.mp3,175.88,K
2001 - Arcadia Son/07 Shadow of a Twisted Hand Across My House.mp3,18.66,M
2001 - Arcadia Son/06 Arcadia Son.mp3,7.21,M
2001 - Arcadia Son/03 We Are Not Alone.mp3,6.86,M
2001 - Arcadia Son/04 Cicadian Haze.mp3,5.67,M
2001 - Arcadia Son/01 Wreck.mp3,1.3,M
2001 - Arcadia Son/08 Goldilocks Age 4.mp3,1.08,M
2001 - Arcadia Son/05 Politician.mp3,1008,K
2001 - Arcadia Son/02 Beth Krasky.mp3,410,K
2001 - Arcadia Son/Folder.jpg,6.62,K
2001 - Have Come For Your Children/01-Untitled 01.mp3,40.78,M
2001 - Have Come For Your Children/04-Untitled 04.mp3,13.8,M
2001 - Have Come For Your Children/02-Untitled 02.mp3,9.04,M
2001 - Have Come For Your Children/03-Untitled 03.mp3,8.24,M
2001 - Have Come For Your Children/05-Untitled 05.mp3,6.29,M
2001 - Have Come For Your Children/06-Piece For Hammered Dulcimer And Mellotron Choir.mp3,5.09,M
2001 - Have Come For Your Children/_4.jpg,9.75,K
2005 - IEM 1996-1999/08 - An Escalator To Xmas (Extended MIX).mp3,19.76,M
2005 - IEM 1996-1999/01 - The Gospel According To The Iem.mp3,18.26,M
2005 - IEM 1996-1999/05 - An Escalator To Christmas.mp3,14.94,M
2005 - IEM 1996-1999/04 - Deafman.mp3,13.07,M
2005 - IEM 1996-1999/03 - Fie Kesh.mp3,11.95,M
2005 - IEM 1996-1999/02 - The Last Will And Testament Of Emma Peel.mp3,11.7,M
2005 - IEM 1996-1999/06 - Headphone Dust.mp3,8.94,M
2005 - IEM 1996-1999/09 - Am Denmark.mp3,2.09,M
2005 - IEM 1996-1999/07 - Interview.mp3,1.06,M
2005 - IEM 1996-1999/IEM.jpg,63.17,K
