Title,Type,Files,Size,IMDB,Spoken Languages,Texted Languages,Tags,Quality (+),Quality (-),Uploaded,By,User Type,Seeders,Leechers,Info Hash,Picture,Capture Date
DVDit Pro v6.0,301,4,120.05 MiB (125885058 Bytes),,,,"""sonic dvdit pro""",0,0,2010-02-02T00:24:59Z,Anonymous,,1,0,21BB685E6AE2BA4C9C3CC15B473B988793212ED6,,2012-07-21T04:01:25Z
