Title,Type,Files,Size,IMDB,Spoken Languages,Texted Languages,Tags,Quality (+),Quality (-),Uploaded,By,User Type,Seeders,Leechers,Info Hash,Picture,Capture Date
Sony Vegas All Products Keygen and Patch (DIGITAL INSANITY) v1.9,301,4,2.58 MiB (2704214 Bytes),,,,"""Sony"",""Vegas"",""Movie"",""studio"",""Digital Insanity"",""Keygen"",""Patch""",4,4,2010-10-30T11:24:28Z,elireza,,7,1,FBFCB9B012481DA87DF8D044DD2BDF7BA781AE36,http://image.bayimg.com/maacoaadd.jpg,2012-07-04T18:16:48Z
