Title,Type,Files,Size,IMDB,Spoken Languages,Texted Languages,Tags,Quality (+),Quality (-),Uploaded,By,User Type,Seeders,Leechers,Info Hash,Picture,Capture Date
MySims_Agents_USA_NDS-SUXXORS,406,2,29.87 MiB (31322739 Bytes),,,,"""NDS"",""Roms"",""petermesh"",""USA""",2,0,2009-12-27T03:28:37Z,petermesh,,2,0,0D5A65757C3A3F7E17A29F8134F0A2A4B6DE87F4,,2012-07-23T00:26:24Z
