Filename,Size,Unit
kafferep-bl1011stphamb.nfo,1.7,K
kafferep-bl1011stphamb.r00,19.07,M
kafferep-bl1011stphamb.r01,19.07,M
kafferep-bl1011stphamb.r02,19.07,M
kafferep-bl1011stphamb.r03,19.07,M
kafferep-bl1011stphamb.r04,19.07,M
kafferep-bl1011stphamb.r05,19.07,M
kafferep-bl1011stphamb.r06,19.07,M
kafferep-bl1011stphamb.r07,19.07,M
kafferep-bl1011stphamb.r08,19.07,M
kafferep-bl1011stphamb.r09,19.07,M
kafferep-bl1011stphamb.r10,19.07,M
kafferep-bl1011stphamb.r11,19.07,M
kafferep-bl1011stphamb.r12,19.07,M
kafferep-bl1011stphamb.r13,19.07,M
kafferep-bl1011stphamb.r14,19.07,M
kafferep-bl1011stphamb.r15,19.07,M
kafferep-bl1011stphamb.r16,19.07,M
kafferep-bl1011stphamb.r17,19.07,M
kafferep-bl1011stphamb.r18,19.07,M
kafferep-bl1011stphamb.r19,19.07,M
kafferep-bl1011stphamb.r20,19.07,M
kafferep-bl1011stphamb.r21,19.07,M
kafferep-bl1011stphamb.r22,19.07,M
kafferep-bl1011stphamb.r23,19.07,M
kafferep-bl1011stphamb.r24,19.07,M
kafferep-bl1011stphamb.r25,19.07,M
kafferep-bl1011stphamb.r26,19.07,M
kafferep-bl1011stphamb.r27,19.07,M
kafferep-bl1011stphamb.r28,19.07,M
kafferep-bl1011stphamb.r29,19.07,M
kafferep-bl1011stphamb.r30,19.07,M
kafferep-bl1011stphamb.r31,19.07,M
kafferep-bl1011stphamb.r32,19.07,M
kafferep-bl1011stphamb.r33,19.07,M
kafferep-bl1011stphamb.r34,19.07,M
kafferep-bl1011stphamb.r35,19.07,M
kafferep-bl1011stphamb.r36,19.07,M
kafferep-bl1011stphamb.r37,19.07,M
kafferep-bl1011stphamb.r38,19.07,M
kafferep-bl1011stphamb.r39,19.07,M
kafferep-bl1011stphamb.r40,19.07,M
kafferep-bl1011stphamb.r41,19.07,M
kafferep-bl1011stphamb.r42,19.07,M
kafferep-bl1011stphamb.r43,19.07,M
kafferep-bl1011stphamb.r44,19.07,M
kafferep-bl1011stphamb.r45,19.07,M
kafferep-bl1011stphamb.r46,19.07,M
kafferep-bl1011stphamb.r47,19.07,M
kafferep-bl1011stphamb.r48,19.07,M
kafferep-bl1011stphamb.r49,19.07,M
kafferep-bl1011stphamb.r50,19.07,M
kafferep-bl1011stphamb.r51,19.07,M
kafferep-bl1011stphamb.r52,19.07,M
kafferep-bl1011stphamb.r53,19.07,M
kafferep-bl1011stphamb.r54,19.07,M
kafferep-bl1011stphamb.r55,19.07,M
kafferep-bl1011stphamb.r56,19.07,M
kafferep-bl1011stphamb.r57,19.07,M
kafferep-bl1011stphamb.r58,3.68,M
kafferep-bl1011stphamb.rar,19.07,M
kafferep-bl1011stphamb.sfv,2.17,K
This torrent has been downloaded from scenetime.com.txt,143,B
