Filename,Size,Unit
Pics 9448/9448_MadisonY_002.jpg,323.54,K
Pics 9448/9448_MadisonY_001.jpg,305.55,K
Pics 9448/9448_MadisonY_003.jpg,304.99,K
Pics 9448/9448_MadisonY_014.jpg,303.1,K
Pics 9448/9448_MadisonY_006.jpg,297.21,K
Pics 9448/9448_MadisonY_004.jpg,289.49,K
Pics 9448/9448_MadisonY_005.jpg,288.15,K
Pics 9448/9448_MadisonY_031.jpg,287.99,K
Pics 9448/9448_MadisonY_064.jpg,286.9,K
Pics 9448/9448_MadisonY_044.jpg,280.62,K
Pics 9448/9448_MadisonY_012.jpg,278.1,K
Pics 9448/9448_MadisonY_011.jpg,269.94,K
Pics 9448/9448_MadisonY_027.jpg,268.68,K
Pics 9448/9448_MadisonY_009.jpg,263.96,K
Pics 9448/9448_MadisonY_069.jpg,259.97,K
Pics 9448/9448_MadisonY_008.jpg,258.15,K
Pics 9448/9448_MadisonY_015.jpg,253.91,K
Pics 9448/9448_MadisonY_010.jpg,250.98,K
Pics 9448/9448_MadisonY_024.jpg,249.48,K
Pics 9448/9448_MadisonY_039.jpg,249.24,K
Pics 9448/9448_MadisonY_038.jpg,247.56,K
Pics 9448/9448_MadisonY_065.jpg,246.84,K
Pics 9448/9448_MadisonY_067.jpg,244.68,K
Pics 9448/9448_MadisonY_043.jpg,244.6,K
Pics 9448/9448_MadisonY_036.jpg,240.04,K
Pics 9448/9448_MadisonY_048.jpg,236.74,K
Pics 9448/9448_MadisonY_057.jpg,236.62,K
Pics 9448/9448_MadisonY_022.jpg,236.43,K
Pics 9448/9448_MadisonY_041.jpg,235.94,K
Pics 9448/9448_MadisonY_021.jpg,235.81,K
Pics 9448/9448_MadisonY_007.jpg,235.22,K
Pics 9448/9448_MadisonY_061.jpg,228.03,K
Pics 9448/9448_MadisonY_063.jpg,226,K
Pics 9448/9448_MadisonY_068.jpg,225.92,K
Pics 9448/9448_MadisonY_023.jpg,225.34,K
Pics 9448/9448_MadisonY_037.jpg,223.04,K
Pics 9448/9448_MadisonY_050.jpg,222.06,K
Pics 9448/9448_MadisonY_066.jpg,220.68,K
Pics 9448/9448_MadisonY_051.jpg,220.67,K
Pics 9448/9448_MadisonY_136.jpg,220.01,K
Pics 9448/9448_MadisonY_158.jpg,219.44,K
Pics 9448/9448_MadisonY_040.jpg,216.77,K
Pics 9448/9448_MadisonY_049.jpg,216.24,K
Pics 9448/9448_MadisonY_042.jpg,215.71,K
Pics 9448/9448_MadisonY_074.jpg,213.15,K
Pics 9448/9448_MadisonY_016.jpg,212.98,K
Pics 9448/9448_MadisonY_152.jpg,212.66,K
Pics 9448/9448_MadisonY_059.jpg,208.44,K
Pics 9448/9448_MadisonY_143.jpg,207.85,K
Pics 9448/9448_MadisonY_147.jpg,205.44,K
Pics 9448/9448_MadisonY_071.jpg,203.31,K
Pics 9448/9448_MadisonY_154.jpg,202.01,K
Pics 9448/9448_MadisonY_141.jpg,201.71,K
Pics 9448/9448_MadisonY_033.jpg,201.19,K
Pics 9448/9448_MadisonY_054.jpg,200.95,K
Pics 9448/9448_MadisonY_144.jpg,200.24,K
Pics 9448/9448_MadisonY_060.jpg,200.01,K
Pics 9448/9448_MadisonY_156.jpg,198.95,K
Pics 9448/9448_MadisonY_030.jpg,198.61,K
Pics 9448/9448_MadisonY_056.jpg,196.65,K
Pics 9448/9448_MadisonY_020.jpg,194.81,K
Pics 9448/9448_MadisonY_138.jpg,194.8,K
Pics 9448/9448_MadisonY_155.jpg,194.08,K
Pics 9448/9448_MadisonY_028.jpg,193.1,K
Pics 9448/9448_MadisonY_142.jpg,192.83,K
Pics 9448/9448_MadisonY_109.jpg,192.82,K
Pics 9448/9448_MadisonY_053.jpg,192.25,K
Pics 9448/9448_MadisonY_153.jpg,191.69,K
Pics 9448/9448_MadisonY_052.jpg,191.48,K
Pics 9448/9448_MadisonY_117.jpg,191.36,K
Pics 9448/9448_MadisonY_157.jpg,191.09,K
Pics 9448/9448_MadisonY_055.jpg,189.29,K
Pics 9448/9448_MadisonY_062.jpg,189.21,K
Pics 9448/9448_MadisonY_077.jpg,187.5,K
Pics 9448/9448_MadisonY_148.jpg,186.85,K
Pics 9448/9448_MadisonY_019.jpg,186.8,K
Pics 9448/9448_MadisonY_070.jpg,186.05,K
Pics 9448/9448_MadisonY_035.jpg,186.04,K
Pics 9448/9448_MadisonY_018.jpg,185.2,K
Pics 9448/9448_MadisonY_139.jpg,185.19,K
Pics 9448/9448_MadisonY_128.jpg,184.9,K
Pics 9448/9448_MadisonY_088.jpg,183.06,K
Pics 9448/9448_MadisonY_110.jpg,182.74,K
Pics 9448/9448_MadisonY_095.jpg,181.02,K
Pics 9448/9448_MadisonY_116.jpg,180.4,K
Pics 9448/9448_MadisonY_100.jpg,179.58,K
Pics 9448/9448_MadisonY_072.jpg,178.57,K
Pics 9448/9448_MadisonY_146.jpg,178.3,K
Pics 9448/9448_MadisonY_121.jpg,178.13,K
Pics 9448/9448_MadisonY_083.jpg,177.3,K
Pics 9448/9448_MadisonY_081.jpg,177,K
Pics 9448/9448_MadisonY_126.jpg,176.31,K
Pics 9448/9448_MadisonY_111.jpg,175.94,K
Pics 9448/9448_MadisonY_029.jpg,175.91,K
Pics 9448/9448_MadisonY_034.jpg,174.65,K
Pics 9448/9448_MadisonY_096.jpg,172.74,K
Pics 9448/9448_MadisonY_084.jpg,172.32,K
Pics 9448/9448_MadisonY_124.jpg,170.85,K
Pics 9448/9448_MadisonY_112.jpg,169.68,K
Pics 9448/9448_MadisonY_078.jpg,169.57,K
Pics 9448/9448_MadisonY_089.jpg,169.35,K
Pics 9448/9448_MadisonY_118.jpg,167.94,K
Pics 9448/9448_MadisonY_085.jpg,167.83,K
Pics 9448/9448_MadisonY_045.jpg,167.55,K
Pics 9448/9448_MadisonY_091.jpg,167.31,K
Pics 9448/9448_MadisonY_080.jpg,167.28,K
Pics 9448/9448_MadisonY_129.jpg,166.66,K
Pics 9448/9448_MadisonY_125.jpg,165.91,K
Pics 9448/9448_MadisonY_094.jpg,165.85,K
Pics 9448/9448_MadisonY_101.jpg,164.35,K
Pics 9448/9448_MadisonY_090.jpg,163.4,K
Pics 9448/9448_MadisonY_113.jpg,163.29,K
Pics 9448/9448_MadisonY_099.jpg,162.94,K
Pics 9448/9448_MadisonY_073.jpg,162.76,K
Pics 9448/9448_MadisonY_122.jpg,162.19,K
Pics 9448/9448_MadisonY_127.jpg,161.9,K
Pics 9448/9448_MadisonY_114.jpg,160.08,K
Pics 9448/9448_MadisonY_086.jpg,159.81,K
Pics 9448/9448_MadisonY_032.jpg,159.27,K
Pics 9448/9448_MadisonY_132.jpg,156.6,K
Pics 9448/9448_MadisonY_047.jpg,156.06,K
Pics 9448/9448_MadisonY_075.jpg,155.62,K
Pics 9448/9448_MadisonY_140.jpg,155.5,K
Pics 9448/9448_MadisonY_092.jpg,155.18,K
Pics 9448/9448_MadisonY_104.jpg,154.99,K
Pics 9448/9448_MadisonY_115.jpg,154.86,K
Pics 9448/9448_MadisonY_058.jpg,154.33,K
Pics 9448/9448_MadisonY_017.jpg,153.85,K
Pics 9448/9448_MadisonY_103.jpg,153.81,K
Pics 9448/9448_MadisonY_107.jpg,152.92,K
Pics 9448/9448_MadisonY_130.jpg,152.74,K
Pics 9448/9448_MadisonY_087.jpg,152.54,K
Pics 9448/9448_MadisonY_131.jpg,151.64,K
Pics 9448/9448_MadisonY_149.jpg,150.84,K
Pics 9448/9448_MadisonY_108.jpg,150.37,K
Pics 9448/9448_MadisonY_079.jpg,150.04,K
Pics 9448/9448_MadisonY_105.jpg,149.51,K
Pics 9448/9448_MadisonY_098.jpg,149.28,K
Pics 9448/9448_MadisonY_046.jpg,149.05,K
Pics 9448/9448_MadisonY_120.jpg,148.83,K
Pics 9448/9448_MadisonY_151.jpg,147.48,K
Pics 9448/9448_MadisonY_145.jpg,147.15,K
Pics 9448/9448_MadisonY_119.jpg,146.8,K
Pics 9448/9448_MadisonY_076.jpg,146.77,K
Pics 9448/9448_MadisonY_150.jpg,146.65,K
Pics 9448/9448_MadisonY_082.jpg,146.01,K
Pics 9448/9448_MadisonY_097.jpg,144.01,K
Pics 9448/9448_MadisonY_135.jpg,142.26,K
Pics 9448/9448_MadisonY_123.jpg,140.12,K
Pics 9448/9448_MadisonY_133.jpg,134.93,K
Pics 9448/9448_MadisonY_134.jpg,134.64,K
Pics 9448/9448_MadisonY_093.jpg,130.29,K
Pics 9448/9448_MadisonY_106.jpg,123.51,K
Pics 9448/9448_MadisonY_137.jpg,116.05,K
Pics 9448/9448_MadisonY_102.jpg,108.33,K
9448_Madison_HDwmv.wmv,226.85,M
