Title,Type,Files,Size,IMDB,Spoken Languages,Texted Languages,Tags,Quality (+),Quality (-),Uploaded,By,User Type,Seeders,Leechers,Info Hash,Picture,Capture Date
STV In Search of Burke and Hare HDTV x264 AC3 MVGroup 2010,208,1,1.72 GiB (1849538945 Bytes),,English,English,,0,0,2010-10-30T13:43:38Z,BasilBrush,,0,0,AFF853E5BCE2C00BB5CCEBE08A876B89704A37A5,,2012-07-04T18:09:48Z
