Filename,Size,Unit
Svensk-Norskt Schlagermedley (Live Melodfestivalen 2010).avi,141.78,M
