Filename,Size,Unit
/Smillas.Sense.Of.Snow.1997.SWESUB.DVDRip.AC3.XviD-Integrity.avi,699.68,M
