Title,Type,Files,Size,IMDB,Spoken Languages,Texted Languages,Tags,Quality (+),Quality (-),Uploaded,By,User Type,Seeders,Leechers,Info Hash,Picture,Capture Date
Pretty Virgins Magazine. Vol (40).,599,1,14.13 MiB (14813625 Bytes),,,,"""Pretty"",""Young"",""Virgin"",""Nubile"",""Teen"",""Youth"",""Magazines"",""Porn"",""Nude"",""Sex"",""pdf""",0,0,2010-10-23T18:42:00Z,sonilem,[V],0,2,0600A1D98784622D2B7FE6EC14737116BCBA4DFC,,2012-07-05T01:38:52Z
