Title,Type,Files,Size,IMDB,Spoken Languages,Texted Languages,Tags,Quality (+),Quality (-),Uploaded,By,User Type,Seeders,Leechers,Info Hash,Picture,Capture Date
Iron Maiden - Live After Death (Live),101,12,161.56 MiB (169410048 Bytes),,,,,0,0,2009-12-21T16:22:57Z,fatika,[T],1,1,39CE67B66E6B0A6789AFD749C80B8C349341F250,,2012-07-23T05:46:44Z
