Title,Type,Files,Size,IMDB,Spoken Languages,Texted Languages,Tags,Quality (+),Quality (-),Uploaded,By,User Type,Seeders,Leechers,Info Hash,Picture,Capture Date
Rookie Of The Year by Blunt Force Trauma,699,6,30.1 MiB (31559985 Bytes),,,,,0,0,2010-07-26T00:52:36Z,Anonymous,,0,0,89518B3CA440D9F9F1EF3026492D30B42819B2C7,,2012-07-09T12:45:29Z
