Title,Type,Files,Size,IMDB,Spoken Languages,Texted Languages,Tags,Quality (+),Quality (-),Uploaded,By,User Type,Seeders,Leechers,Info Hash,Picture,Capture Date
Eat Pray Love 2010 R5 Line {MnM-RG H264},201,3,1.19 GiB (1275408076 Bytes),,English,,,0,0,2010-10-30T22:11:06Z,neon,[V],0,0,01B4E0535EE7163F106D1667D494E3E69F545043,,2012-07-04T17:49:35Z
