Filename,Size,Unit
Belangrijk.txt,1.19,K
Covers/LE-RaceFront. NLT-Release.bmp,8.92,M
Covers/LE-RaceLabel NLT-Release.bmp,2.95,M
Film/VIDEO_TS.BUP,30,K
Film/VIDEO_TS.IFO,30,K
Film/VIDEO_TS.VOB,16,K
Film/VTS_01_0.BUP,58,K
Film/VTS_01_0.IFO,58,K
Film/VTS_01_0.VOB,262.04,M
Film/VTS_01_1.VOB,706.47,M
Film/VTS_02_0.BUP,28,K
Film/VTS_02_0.IFO,28,K
Film/VTS_02_1.VOB,712.39,M
Film/VTS_03_0.BUP,28,K
Film/VTS_03_0.IFO,28,K
Film/VTS_03_1.VOB,711.05,M
Film/VTS_04_0.BUP,14,K
Film/VTS_04_0.IFO,14,K
Film/VTS_04_1.VOB,8,K
Film/VTS_05_0.BUP,14,K
Film/VTS_05_0.IFO,14,K
Film/VTS_05_1.VOB,8,K
Film/VTS_06_0.BUP,14,K
Film/VTS_06_0.IFO,14,K
Film/VTS_06_1.VOB,8,K
Film/VTS_07_0.BUP,14,K
Film/VTS_07_0.IFO,14,K
Film/VTS_07_1.VOB,8,K
Film/VTS_08_0.BUP,14,K
Film/VTS_08_0.IFO,14,K
Film/VTS_08_1.VOB,8,K
Film/VTS_09_0.BUP,18,K
Film/VTS_09_0.IFO,18,K
Film/VTS_09_0.VOB,148,K
Film/VTS_09_1.VOB,8,K
Film/VTS_10_0.BUP,20,K
Film/VTS_10_0.IFO,20,K
Film/VTS_10_0.VOB,16,K
Film/VTS_10_1.VOB,2.08,M
Film/VTS_11_0.BUP,18,K
Film/VTS_11_0.IFO,18,K
Film/VTS_11_0.VOB,16,K
Film/VTS_11_1.VOB,35.22,M
Film/VTS_12_0.BUP,18,K
Film/VTS_12_0.IFO,18,K
Film/VTS_12_0.VOB,16,K
Film/VTS_12_1.VOB,5.36,M
Film/VTS_13_0.BUP,54,K
Film/VTS_13_0.IFO,54,K
Film/VTS_13_0.VOB,16,K
Film/VTS_13_1.VOB,3.21,M
Film/VTS_14_0.BUP,22,K
Film/VTS_14_0.IFO,22,K
Film/VTS_14_1.VOB,174.72,M
Film/VTS_15_0.BUP,36,K
Film/VTS_15_0.IFO,36,K
Film/VTS_15_1.VOB,557.02,M
Film/VTS_16_0.BUP,16,K
Film/VTS_16_0.IFO,16,K
Film/VTS_16_1.VOB,30.28,M
Film/VTS_17_0.BUP,20,K
Film/VTS_17_0.IFO,20,K
Film/VTS_17_1.VOB,8,K
Film/VTS_18_0.BUP,68,K
Film/VTS_18_0.IFO,68,K
Film/VTS_18_0.VOB,766,K
Film/VTS_18_1.VOB,1024,M
Film/VTS_18_2.VOB,175.94,M
Film/VTS_19_0.BUP,14,K
Film/VTS_19_0.IFO,14,K
Film/VTS_19_1.VOB,8,K
Film/VTS_20_0.BUP,14,K
Film/VTS_20_0.IFO,14,K
Film/VTS_20_1.VOB,69.77,M
linday.jpg,6.28,K
NLT-Release.gif,19.53,K
Vind je Partner.txt,1.4,K
www.allesgratis.org.gif,3.36,K
