Filename,Size,Unit
babies.2010.docu.dvdrip.xvid-amiable.avi,697.48,M
babies.2010.docu.dvdrip.xvid-amiable.idx,14.39,K
babies.2010.docu.dvdrip.xvid-amiable.sub,830,K
release info.txt,1.5,K
Torrent downloaded from AhaShare.com.txt,59,B
Torrent downloaded from Demonoid.com.txt,47,B
Torrent downloaded from ExtraTorrent.com.txt,48,B
Torrent downloaded from Kingdom-KVCD.net.txt,52,B
Torrent downloaded from thepiratebay.org.txt,48,B
