Filename,Size,Unit
CD1/the.pillars.of.the.earth.parts.vii.and.viii.hdtv.cd1-lol.avi,700.56,M
CD2/the.pillars.of.the.earth.parts.vii.and.viii.hdtv.cd2-lol.avi,700.12,M
Please Read This Guide Now.txt,493,B
the.pillars.of.the.earth.part.vii.and.part.viii.hdtv-lol.nfo,3.93,K
www.Torrentday.com.txt,493,B
