Title,Type,Files,Size,IMDB,Spoken Languages,Texted Languages,Tags,Quality (+),Quality (-),Uploaded,By,User Type,Seeders,Leechers,Info Hash,Picture,Capture Date
"VA Electro Dance 2010.(2010).(Music Mp3).WwW,",101,16,211.32 MiB (221582465 Bytes),,,,,0,0,2010-08-21T19:12:01Z,cholo24,[V],0,0,CB3873D6833E5D2E78DF959F13C4DAA8589569EF,,2012-07-07T22:52:25Z
