Filename,Size,Unit
Gangstar-1.2.0-rowingd.ipa,171.84,M
