Title,Type,Files,Size,IMDB,Spoken Languages,Texted Languages,Tags,Quality (+),Quality (-),Uploaded,By,User Type,Seeders,Leechers,Info Hash,Picture,Capture Date
The SAINTS- This Perfect Day .,101,14,40.8 MiB (42786633 Bytes),,,,"""punk""",0,0,2010-11-23T08:37:24Z,malwina4,[T],0,2,07F7972C2B1DE9FEE81C64F9EE195A8D332D13FC,,2012-07-03T17:10:47Z
