User Type,Username,Date,Text
,kehaak,2009-10-14T22:21Z,Thanks :)
,myers97,2009-10-17T17:56Z,Thanks.
