Filename,Size,Unit
pccu_7.17_lite.zip,101.74,M
