Title,Type,Files,Size,IMDB,Spoken Languages,Texted Languages,Tags,Quality (+),Quality (-),Uploaded,By,User Type,Seeders,Leechers,Info Hash,Picture,Capture Date
Midnight Mary (1932) 74 min.DVDRip.Loretta Young_Jonzee.mp4,201,1,789.71 MiB (828069650 Bytes),,English,,,1,0,2010-09-14T09:14:02Z,Jonzee,[T],1,1,C4949F86E92ADBDB54CB57CCD941AA82D0166312,,2012-07-06T15:19:00Z
