Title,Type,Files,Size,IMDB,Spoken Languages,Texted Languages,Tags,Quality (+),Quality (-),Uploaded,By,User Type,Seeders,Leechers,Info Hash,Picture,Capture Date
Shyla Stylez - Group sex,506,1,192.25 MiB (201584640 Bytes),,,,"""interracial"",""anal"",""double"",""blonde""",0,0,2010-09-06T17:27:54Z,tBeersk,,0,3,7E28AC583FA395FFFADEB3F8CB8B6CB2D23664CE,,2012-07-06T22:40:32Z
