User Type,Username,Date,Text
,honeybunny28,2010-09-27T09:59Z,subs: http://www.addic7ed.com/serie/Rubicon/1/10/In_Whom_We_Trust
