Filename,Size,Unit
/Armored.2009.Cam.Xvid.TA.avi,697.79,M
/Sample.avi,24.44,M
