Filename,Size,Unit
dark.skies.s01e16.dvdrip.xvid-saints.nfo,11.94,K
dark.skies.s01e16.dvdrip.xvid-saints.r00,14.31,M
dark.skies.s01e16.dvdrip.xvid-saints.r01,14.31,M
dark.skies.s01e16.dvdrip.xvid-saints.r02,14.31,M
dark.skies.s01e16.dvdrip.xvid-saints.r03,14.31,M
dark.skies.s01e16.dvdrip.xvid-saints.r04,14.31,M
dark.skies.s01e16.dvdrip.xvid-saints.r05,14.31,M
dark.skies.s01e16.dvdrip.xvid-saints.r06,14.31,M
dark.skies.s01e16.dvdrip.xvid-saints.r07,14.31,M
dark.skies.s01e16.dvdrip.xvid-saints.r08,14.31,M
dark.skies.s01e16.dvdrip.xvid-saints.r09,14.31,M
dark.skies.s01e16.dvdrip.xvid-saints.r10,14.31,M
dark.skies.s01e16.dvdrip.xvid-saints.r11,14.31,M
dark.skies.s01e16.dvdrip.xvid-saints.r12,14.31,M
dark.skies.s01e16.dvdrip.xvid-saints.r13,14.31,M
dark.skies.s01e16.dvdrip.xvid-saints.r14,14.31,M
dark.skies.s01e16.dvdrip.xvid-saints.r15,14.31,M
dark.skies.s01e16.dvdrip.xvid-saints.r16,14.31,M
dark.skies.s01e16.dvdrip.xvid-saints.r17,14.31,M
dark.skies.s01e16.dvdrip.xvid-saints.r18,14.31,M
dark.skies.s01e16.dvdrip.xvid-saints.r19,14.31,M
dark.skies.s01e16.dvdrip.xvid-saints.r20,14.31,M
dark.skies.s01e16.dvdrip.xvid-saints.r21,14.31,M
dark.skies.s01e16.dvdrip.xvid-saints.r22,14.31,M
dark.skies.s01e16.dvdrip.xvid-saints.r23,9.34,M
dark.skies.s01e16.dvdrip.xvid-saints.rar,14.31,M
dark.skies.s01e16.dvdrip.xvid-saints.sfv,1.25,K
Sample/dark.skies.s01e16.dvdrip.xvid.sample-saints.avi,9.18,M
This torrent has been downloaded from scenetime.com.txt,143,B
