Filename,Size,Unit
/2009-10-07-O&A CF64K.mp3,109.64,M
