Title,Type,Files,Size,IMDB,Spoken Languages,Texted Languages,Tags,Quality (+),Quality (-),Uploaded,By,User Type,Seeders,Leechers,Info Hash,Picture,Capture Date
BBC Later with Jools Holland S36E06 1080i HDTV h264 AC3,208,1,4.31 GiB (4628586089 Bytes),,English,English,"""Later with Jools Holland""",0,0,2010-05-22T12:35:34Z,BasilBrush,,0,0,7D9132F350A278569F29921EC19DAC89C5F181AE,http://image.bayimg.com/lamfmaacb.jpg,2012-07-15T20:53:39Z
