Title,Type,Files,Size,IMDB,Spoken Languages,Texted Languages,Tags,Quality (+),Quality (-),Uploaded,By,User Type,Seeders,Leechers,Info Hash,Picture,Capture Date
Increible Pero Falso[BRScreener][Spanish].avi,201,1,1.35 GiB (1449859072 Bytes),,Spanish,,,0,0,2010-05-03T00:49:21Z,webchella,[V],2,3,E87407470CDA6F62ED048F0C5246C6F280879D2E,,2012-07-16T19:33:40Z
