Filename,Size,Unit
aaf-bbuklb.s11e59.pdtv.avi,174.22,M
aaf-bbuklb.s11e59.pdtv.nfo,4.66,K
Please Read This Guide Now.txt,493,B
www.Torrentday.com.txt,493,B
