Filename,Size,Unit
/01-dj_aligator-intro_(part_2).mp3,1.79,M
/02-dj_aligator-meet_her_at_love_parade.mp3,7.7,M
/03-dj_aligator-kiss_my_b-ass.mp3,5.9,M
/04-dj_aligator-beyond_the_eternity.mp3,8.2,M
/05-dj_aligator-im_comming_home_(feat._m.esfahani).mp3,6.14,M
/06-dj_aligator-shine_2009.mp3,7.36,M
/07-dj_aligator-never_forget.mp3,11.88,M
/08-dj_aligator-the_sound_of_halay.mp3,7.79,M
/09-dj_aligator-nikagda_(never).mp3,6.25,M
/10-dj_aligator-running_around_my_brain.mp3,8.74,M
/11-dj_aligator-kaos..mp3,5.26,M
/12-dj_aligator-lose_it.mp3,6.93,M
/13-dj_aligator-calling_you.mp3,4.77,M
/14-dj_aligator-outro.mp3,3.09,M
