User Type,Username,Date,Text
,trulle71,2009-09-29T21:07Z,seed madda's
