Filename,Size,Unit
Love Skills for Personal & Global Transformation Secrets of a Love Master-Manteshwer.pdf,15.29,M
Torrent downloaded from AhaShare.com.txt,59,B
Torrent_downloaded_from_Demonoid.com.txt,47,B
