Title,Type,Files,Size,IMDB,Spoken Languages,Texted Languages,Tags,Quality (+),Quality (-),Uploaded,By,User Type,Seeders,Leechers,Info Hash,Picture,Capture Date
Ashampoo Burning Studio 9.20 + Keygen-AT4RE,301,2,56.2 MiB (58935184 Bytes),,,,,8,0,2009-10-13T15:58:03Z,Murlok,[V],8,1,07ED59B2B197EB416017FB640B0302C8E7C63649,http://image.bayimg.com/caecdaach.jpg,2012-07-26T10:20:24Z
