Title,Type,Files,Size,IMDB,Spoken Languages,Texted Languages,Tags,Quality (+),Quality (-),Uploaded,By,User Type,Seeders,Leechers,Info Hash,Picture,Capture Date
Across The Universe Soundtrack,101,31,137.97 MiB (144673325 Bytes),,,,"""beatles"",""musical""",1,0,2009-11-26T18:40:01Z,kopihos01,,11,1,BAY.SE/5181444/ACROSS_THE_UNIVERSE_SOUND,,2012-07-24T08:06:38Z
