Filename,Size,Unit
Please Read This Guide Now.txt,493,B
swamp.people.s01e06.720p.hdtv.x264-momentum.mkv,1.09,G
swamp.people.s01e06.720p.hdtv.x264-momentum.nfo,289,B
www.Torrentday.com.txt,493,B
