Filename,Size,Unit
Hot Shots 2[19993]Eng.Swesub.DvDrip.XviD.NeRoZ[www.tankaner.com].avi,699.81,M
