Title,Type,Files,Size,IMDB,Spoken Languages,Texted Languages,Tags,Quality (+),Quality (-),Uploaded,By,User Type,Seeders,Leechers,Info Hash,Picture,Capture Date
Ass.Parade.-.Gia.Milani.And.Spicy.J.-.Ass.Assault,506,4,562.12 MiB (589420423 Bytes),,,,,0,0,2010-07-28T15:06:26Z,Rabiner,,0,0,B3DD8B5344909F91DF1E163BB9004D9CF7901D45,,2012-07-09T10:19:46Z
