Filename,Size,Unit
Pokemon DP Sinnoh League Victors - 20 - Pokemon Ranger! Heatran Rescue! (v2)[720p][C-W].mkv,174.38,M
