Filename,Size,Unit
Another 9Â½ Weeks[1997]Eng.Swesub.DvDrip.XviD.NeRoZ.avi,1.6,G
Another_9_And_A_.jpg,723.69,K
Another_9_And_A_Half_Weeks.jpg,113.89,K
