Filename,Size,Unit
/Sample/wtwta-hubris-sample.mkv,59.18,M
/wtwta-hubris.r52,47.68,M
/wtwta-hubris.r17,47.68,M
/wtwta-hubris.r85,47.68,M
/wtwta-hubris.r89,47.68,M
/wtwta-hubris.r63,47.68,M
/wtwta-hubris.r54,47.68,M
/wtwta-hubris.r41,47.68,M
/wtwta-hubris.r91,47.68,M
/wtwta-hubris.r18,47.68,M
/wtwta-hubris.r02,47.68,M
/wtwta-hubris.r88,47.68,M
/wtwta-hubris.r74,47.68,M
/wtwta-hubris.r03,47.68,M
/wtwta-hubris.r19,47.68,M
/wtwta-hubris.r59,47.68,M
/wtwta-hubris.r80,47.68,M
/wtwta-hubris.r27,47.68,M
/wtwta-hubris.r38,47.68,M
/wtwta-hubris.r58,47.68,M
/wtwta-hubris.r49,47.68,M
/wtwta-hubris.r09,47.68,M
/wtwta-hubris.r57,47.68,M
/wtwta-hubris.r39,47.68,M
/wtwta-hubris.r43,47.68,M
/wtwta-hubris.r16,47.68,M
/wtwta-hubris.r64,47.68,M
/wtwta-hubris.r61,47.68,M
/wtwta-hubris.r69,47.68,M
/wtwta-hubris.r47,47.68,M
/wtwta-hubris.r04,47.68,M
/wtwta-hubris.r21,47.68,M
/wtwta-hubris.r50,47.68,M
/wtwta-hubris.r30,47.68,M
/wtwta-hubris.r90,47.68,M
/wtwta-hubris.r35,47.68,M
/wtwta-hubris.r20,47.68,M
/wtwta-hubris.r76,47.68,M
/wtwta-hubris.rar,47.68,M
/wtwta-hubris.r40,47.68,M
/wtwta-hubris.r55,47.68,M
/wtwta-hubris.r29,47.68,M
/wtwta-hubris.r77,47.68,M
/wtwta-hubris.r62,47.68,M
/wtwta-hubris.r81,47.68,M
/wtwta-hubris.r37,47.68,M
/wtwta-hubris.r46,47.68,M
/wtwta-hubris.r68,47.68,M
/wtwta-hubris.r33,47.68,M
/wtwta-hubris.r44,47.68,M
/wtwta-hubris.r86,47.68,M
/wtwta-hubris.r51,47.68,M
/wtwta-hubris.r23,47.68,M
/wtwta-hubris.r60,47.68,M
/wtwta-hubris.r24,47.68,M
/wtwta-hubris.r32,47.68,M
/wtwta-hubris.r70,47.68,M
/wtwta-hubris.r11,47.68,M
/wtwta-hubris.r08,47.68,M
/wtwta-hubris.r12,47.68,M
/wtwta-hubris.r06,47.68,M
/wtwta-hubris.r84,47.68,M
/wtwta-hubris.r26,47.68,M
/wtwta-hubris.r01,47.68,M
/wtwta-hubris.r05,47.68,M
/wtwta-hubris.r79,47.68,M
/wtwta-hubris.r78,47.68,M
/wtwta-hubris.r15,47.68,M
/wtwta-hubris.r56,47.68,M
/wtwta-hubris.r42,47.68,M
/wtwta-hubris.r10,47.68,M
/wtwta-hubris.r72,47.68,M
/wtwta-hubris.r87,47.68,M
/wtwta-hubris.r83,47.68,M
/wtwta-hubris.r31,47.68,M
/wtwta-hubris.r75,47.68,M
/wtwta-hubris.r73,47.68,M
/wtwta-hubris.r71,47.68,M
/wtwta-hubris.r14,47.68,M
/wtwta-hubris.r36,47.68,M
/wtwta-hubris.r22,47.68,M
/wtwta-hubris.r65,47.68,M
/wtwta-hubris.r13,47.68,M
/wtwta-hubris.r34,47.68,M
/wtwta-hubris.r07,47.68,M
/wtwta-hubris.r45,47.68,M
/wtwta-hubris.r48,47.68,M
/wtwta-hubris.r00,47.68,M
/wtwta-hubris.r28,47.68,M
/wtwta-hubris.r82,47.68,M
/wtwta-hubris.r53,47.68,M
/wtwta-hubris.r67,47.68,M
/wtwta-hubris.r25,47.68,M
/wtwta-hubris.r66,47.68,M
/wtwta-hubris.r92,42.08,M
/wtwta-hubris.sfv,2.48,K
/wtwta-hubris.nfo,93,B
