Filename,Size,Unit
/trk-basexinsta.avi,700.66,M
/trk-basexinstb.avi,699.13,M
