Filename,Size,Unit
Japanese Mother ~ I.ncest ~ [DesiBBrG.com].avi,700.1,M
