Filename,Size,Unit
The_Housekeeper_Scene_1_b.wmv,70.68,M
