Filename,Size,Unit
/a-nk403a.zip,4.77,M
/a-nk403b.zip,4.77,M
/a-nk403c.zip,4.77,M
/a-nk403d.zip,4.77,M
/a-nk403e.zip,4.77,M
/a-nk403f.zip,4.77,M
/a-nk403g.zip,4.77,M
/a-nk403h.zip,4.77,M
/a-nk403i.zip,4.77,M
/a-nk403j.zip,4.77,M
/a-nk403k.zip,4.77,M
/a-nk403l.zip,4.77,M
/a-nk403m.zip,4.77,M
/a-nk403n.zip,4.77,M
/a-nk403o.zip,4.77,M
/a-nk403p.zip,2.45,M
/air.nfo,4.09,K
/file_id.diz,452,B
/www.torrentkit.com.txt,699,B
