Title,Type,Files,Size,IMDB,Spoken Languages,Texted Languages,Tags,Quality (+),Quality (-),Uploaded,By,User Type,Seeders,Leechers,Info Hash,Picture,Capture Date
Predators-Episode V-Mass Attack-(WTC-SWE),201,5,349.5 MiB (366480755 Bytes),,English,,"""Predators"",""The Ultimate Predators"",""Animal"",""Earth"",""Sea"",""Survivors"",""Jungle"",""Sky Predators"",""Deadliest Animals"",""WTC-SWE""",1,0,2009-07-30T13:04:47Z,WTC-SWE,[V],0,0,FD73A4ABF3E89201A8EB81A48235E34DEAA3EA3C,http://image.bayimg.com/iacabaacp.jpg,2012-07-28T12:20:51Z
