User Type,Username,Date,Text
[T],DDHrockerz,2010-06-08T12:10Z,"screenshot
http://img193.imageshack.us/img193/5319/41663671.png
http://img706.imageshack.us/img706/3141/79331921.png
http://img42.imageshack.us/img42/4044/20478755.png
http://img690.imageshack.us/img690/107/92022212.png
http://img163.imageshack.us/img163/5514/20576193.png
http://img576.imageshack.us/img576/9333/27853987.png
http://img44.imageshack.us/img44/2907/vlcsnap2010060802h05m45.png
http://img14.imageshack.us/img14/8717/vlcsnap2010060802h04m48.png
http://img15.imageshack.us/img15/7650/vlcsnap2010060802h03m42.png
http://img36.imageshack.us/img36/9238/vlcsnap2010060800h33m40.png
http://img229.imageshack.us/img229/4282/vlcsnap2010060800h33m13.png
http://img265.imageshack.us/img265/1307/31213066.png"
