Filename,Size,Unit
Cronicas Vampiricas 2x01 HDTV DVB Spanish - Divxatope.com.avi,345.91,M
