Filename,Size,Unit
Miami.Medical.S01E12.HDTV.XviD-2HD.avi,349.5,M
