Filename,Size,Unit
/CHARLIE_BROWN_VOL3.ISO,3.27,G
