Filename,Size,Unit
GreenOS.iso,1.47,G
