User Type,Username,Date,Text
,minibubz,2010-05-19T09:32Z,theres only 4 songs...
,thepresentwife,2010-05-20T17:23Z,Please could we have Pianoman
,LupaVarg,2010-05-21T19:02Z,Thank you! Absolutely fabulous cover of Aerosmiths ?Dream on?. =c)
