Title,Type,Files,Size,IMDB,Spoken Languages,Texted Languages,Tags,Quality (+),Quality (-),Uploaded,By,User Type,Seeders,Leechers,Info Hash,Picture,Capture Date
Aliens versus Predator 2 Portable,401,1,770.38 MiB (807800303 Bytes),,,,,1,0,2010-06-27T13:54:01Z,Geckill,,3,1,156D426E0D7AC880C0DD8920A93DA687DF764D82,,2012-07-13T18:08:59Z
