Title,Type,Files,Size,IMDB,Spoken Languages,Texted Languages,Tags,Quality (+),Quality (-),Uploaded,By,User Type,Seeders,Leechers,Info Hash,Picture,Capture Date
Emerica.Stay.Gold.2010.DVDRiP.XviD-SCARED,201,40,697.74 MiB (731636764 Bytes),,,,,0,0,2010-09-09T16:27:32Z,scenebalance,[V],0,0,A2619CFF3B2AB559DD47E55BB9A10979C223BD97,,2012-07-06T19:50:13Z
