Title,Type,Files,Size,IMDB,Spoken Languages,Texted Languages,Tags,Quality (+),Quality (-),Uploaded,By,User Type,Seeders,Leechers,Info Hash,Picture,Capture Date
Ron_Browz-Got_Curved-(Promo)-2009-DjLeak,101,5,10.32 MiB (10816340 Bytes),,,,"""ron"",""browz"",""got"",""curved"",""promo"",""single"",""official"",""2009""",0,0,2009-11-21T09:22:04Z,Anonymous,,0,0,1320BA80AC1E58CD4AF837A54C222188AFCA6D6B,,2012-07-24T14:47:41Z
