Filename,Size,Unit
/00-00-35.jpg,30.13,K
/00-01-10.jpg,35.33,K
/00-01-46.jpg,33.24,K
/00-02-21.jpg,36.97,K
/00-02-57.jpg,37.96,K
/00-03-32.jpg,37.72,K
/00-04-08.jpg,34.06,K
/00-04-43.jpg,38.38,K
/00-05-19.jpg,28.3,K
/00-05-54.jpg,34.97,K
/00-06-30.jpg,37.88,K
/00-07-05.jpg,35.3,K
/00-07-41.jpg,38.92,K
/00-08-16.jpg,35.46,K
/00-08-52.jpg,30.66,K
/00-09-27.jpg,29.29,K
/00-10-03.jpg,28.57,K
/00-10-38.jpg,32.11,K
/00-11-14.jpg,37.16,K
/00-11-49.jpg,33.92,K
/00-12-24.jpg,36.8,K
/00-13-00.jpg,30.37,K
/00-13-35.jpg,31.87,K
/00-14-11.jpg,38.6,K
/00-14-46.jpg,36.37,K
/00-15-22.jpg,35.95,K
/00-15-57.jpg,35.37,K
/00-16-33.jpg,25.71,K
/00-17-08.jpg,32.95,K
/00-17-44.jpg,24.8,K
/3172314.jpg,276.84,K
/4tokyo-dream-dolls-2-s2.wmv,129.68,M
/SILVER.swf,4.18,M
/ann-widdecombe-mp-$3116$300.jpg,37.79,K
/cb.jpeg,57.54,K
/ddddd..nfo,22.38,K
/gimpmask.gif,364.91,K
/nnn-new.gif,485.11,K
/susan-boyle.jpg,37.11,K
