Filename,Size,Unit
Backyard Baseball.zip,316.28,M
