User Type,Username,Date,Text
,cold_soul,2010-01-22T16:48Z,nice
