Filename,Size,Unit
/Sample/BRKFNST-xvid-w.p.-sample.avi,14.13,M
/BRKFNST-xvid-w.p..avi,802.31,M
/Torrent downloaded from Demonoid.com(2).txt,47,B
