Title,Type,Files,Size,IMDB,Spoken Languages,Texted Languages,Tags,Quality (+),Quality (-),Uploaded,By,User Type,Seeders,Leechers,Info Hash,Picture,Capture Date
Giles Wemmbley-Hogg Goes Off - Series 01 to 04 - Audio Comedy - ,102,29,669.31 MiB (701826889 Bytes),,English,,"""Slimoo""",1,0,2010-01-04T14:14:53Z,_Slimoo_,[T],2,1,C58ED2ACED5C577DA52F1C7B686BC0C4C44A6707,,2012-07-22T15:29:08Z
