Filename,Size,Unit
/10 Long Goodnight.mp3,6.64,M
/12 I'll Catch You.mp3,6.01,M
/03 Valentine.mp3,5.96,M
/07 The Company Dime.mp3,5.65,M
/02 Action And Action.mp3,5.61,M
/11 Close To Home.mp3,5.28,M
/05 Out Of Reach.mp3,5.19,M
/01 Holiday.mp3,4.82,M
/08 My Apology.mp3,4.68,M
/06 Ten Minutes.mp3,4.43,M
"/09 I'm A Loner Dottie, A Rebel....mp3",4.32,M
/04 Red Letter Day.mp3,4.02,M
