Filename,Size,Unit
Corrie 20-09-10 pt1.avi,219.47,M
Corrie 20-09-10 pt2.avi,219.49,M
Torrent downloaded from Demonoid.com.txt,47,B
