Filename,Size,Unit
/Read-Me.txt,420,B
/sph-uncertainty.nfo,3.01,K
/sph-uncertainty.r00,14.31,M
/sph-uncertainty.r01,14.31,M
/sph-uncertainty.r02,14.31,M
/sph-uncertainty.r03,14.31,M
/sph-uncertainty.r04,14.31,M
/sph-uncertainty.r05,14.31,M
/sph-uncertainty.r06,14.31,M
/sph-uncertainty.r07,14.31,M
/sph-uncertainty.r08,14.31,M
/sph-uncertainty.r09,14.31,M
/sph-uncertainty.r10,14.31,M
/sph-uncertainty.r11,14.31,M
/sph-uncertainty.r12,14.31,M
/sph-uncertainty.r13,14.31,M
/sph-uncertainty.r14,14.31,M
/sph-uncertainty.r15,14.31,M
/sph-uncertainty.r16,14.31,M
/sph-uncertainty.r17,14.31,M
/sph-uncertainty.r18,14.31,M
/sph-uncertainty.r19,14.31,M
/sph-uncertainty.r20,14.31,M
/sph-uncertainty.r21,14.31,M
/sph-uncertainty.r22,14.31,M
/sph-uncertainty.r23,14.31,M
/sph-uncertainty.r24,14.31,M
/sph-uncertainty.r25,14.31,M
/sph-uncertainty.r26,14.31,M
/sph-uncertainty.r27,14.31,M
/sph-uncertainty.r28,14.31,M
/sph-uncertainty.r29,14.31,M
/sph-uncertainty.r30,14.31,M
/sph-uncertainty.r31,14.31,M
/sph-uncertainty.r32,14.31,M
/sph-uncertainty.r33,14.31,M
/sph-uncertainty.r34,14.31,M
/sph-uncertainty.r35,14.31,M
/sph-uncertainty.r36,14.31,M
/sph-uncertainty.r37,14.31,M
/sph-uncertainty.r38,14.31,M
/sph-uncertainty.r39,14.31,M
/sph-uncertainty.r40,14.31,M
/sph-uncertainty.r41,14.31,M
/sph-uncertainty.r42,14.31,M
/sph-uncertainty.r43,14.31,M
/sph-uncertainty.r44,14.31,M
/sph-uncertainty.r45,14.31,M
/sph-uncertainty.r46,14.31,M
/sph-uncertainty.r47,13.59,M
/sph-uncertainty.rar,14.31,M
/sph-uncertainty.sfv,1.44,K
/Subs/sph-uncertainty-subs.rar,1.31,M
/Subs/sph-uncertainty-subs.sfv,35,B
/www.torrentday.com.txt,420,B
