Filename,Size,Unit
/Demonoid.com.txt,42,B
/DivXNL-Team NFO Read Before Playing!.txt,882,B
/Universal Soldier Regeneration (2009) DVDSCR DivXNL-Team.avi,700.43,M
