Filename,Size,Unit
/Barbie.And.The.Diamond.Castle.2008.SWEDISH.DVDRip.XviD-Bananslipsen.avi,701.06,M
/www.TankaFett.com.txt,61,B
