Title,Type,Files,Size,IMDB,Spoken Languages,Texted Languages,Tags,Quality (+),Quality (-),Uploaded,By,User Type,Seeders,Leechers,Info Hash,Picture,Capture Date
Tiffany Rayne - Paste My Face  Scene 10,506,1,123.2 MiB (129185792 Bytes),,,,,0,0,2010-10-03T07:26:43Z,deepmob,[T],0,1,BF5863093B71DCCA042E799339A71229759BA10A,,2012-07-05T22:42:56Z
