Title,Type,Files,Size,IMDB,Spoken Languages,Texted Languages,Tags,Quality (+),Quality (-),Uploaded,By,User Type,Seeders,Leechers,Info Hash,Picture,Capture Date
prueba lolosa.lol,699,1,44.39 MiB (46549929 Bytes),,,,"""other""",0,0,2010-09-11T18:36:56Z,jorchube,,0,0,0083F7408364A957E654C6D923859944550F5819,,2012-07-06T17:46:39Z
