Filename,Size,Unit
/sebaygo1_torrents_info_PLEASE-READ.txt,1.99,K
/WCR_Webster_Tarpley_2010_05_29__1.mp3,16.6,M
/WCR_Webster_Tarpley_2010_05_29__2.mp3,16.67,M
/World_Crisis_Radio_2010_05_29_show_info.txt,2.49,K
