User Type,Username,Date,Text
,invincible1998,2010-03-18T15:07Z,"Try my another torrentz ;o]

http://thepiratebay.org/torrent/5442438/
http://thepiratebay.org/torrent/5437240/"
,xtema,2010-03-20T14:28Z,Wow! Nice DVD. Seed pleas.
,k2503,2010-04-14T22:49Z,Thanks ! 
,ookms,2010-05-03T14:54Z,"blocked at 96,5% for 5 days... seed, please. thanks. :)"
,klsdfj,2011-04-18T17:00Z,guyzzzz plzzz seed ..... im stuck in middle 
,klsdfj,2011-04-18T17:04Z,"i desperately need this for my exam preparation guyz...... plzzz seed .... 
ill b thankful to u !!!! "
,klsdfj,2011-04-20T19:07Z,plzzzzzz seed guyzzzz im stuck up @80% ........
,klsdfj,2011-04-22T06:21Z,thank you guyzzzzzz
,lolek15,2011-05-20T23:42Z,"Hi man, could You help me with installation FlighStar? how to do that step by step! Please!"
,emiev,2011-06-13T23:34Z,"seed, please. thanks. :) nice dvd ! thanks"
,parthipa84,2011-08-25T21:45Z,"pls post the DVD cover of instrument commercial as  
 pdf as u did in flight instructor series, it ll be helpful.

if possible pls put scanned copy of DVD also."
