Filename,Size,Unit
/The Black Eyed Peas-Imma Be.mp3,6.92,M
/Torrent downloaded from Demonoid.com.txt,47,B
