Filename,Size,Unit
Good_Eats_S13_E10_Fermentation_Nation_HD_CLN.avi,179.88,M
