User Type,Username,Date,Text
,de_spijker,2010-10-14T22:40Z,bedankt rocco.
