Title,Type,Files,Size,IMDB,Spoken Languages,Texted Languages,Tags,Quality (+),Quality (-),Uploaded,By,User Type,Seeders,Leechers,Info Hash,Picture,Capture Date
[720p] Milf next door -> Olivia Sinclair & Brianna Ray - Picnic ,505,1,710.2 MiB (744695431 Bytes),,,,"""Olivia.Sinclair"",""Brianna.Ray"",""milfnextdoor"",""milf.next.door"",""lesbian"",""outside"",""outdoors"",""blonde"",""big.ass"",""milf"",""shaved"",""realitykings"",""reality.kings""",0,0,2010-10-16T21:58:45Z,beta2008x,[V],1,0,71472140595E37C49968B21E681714373109C1C5,,2012-07-05T08:42:07Z
