Title,Type,Files,Size,IMDB,Spoken Languages,Texted Languages,Tags,Quality (+),Quality (-),Uploaded,By,User Type,Seeders,Leechers,Info Hash,Picture,Capture Date
Alec Ounsworth - Mo Beauty (2009) [Lossless/FLAC],104,12,234.46 MiB (245844900 Bytes),,,,"""Alec Ounsworth"",""indie"",""lossless""",0,0,2009-11-30T08:38:39Z,cenkota,[V],2,0,DFEF5840C9F87DBD6248C33395035B6A9283FC0B,,2012-07-24T03:59:03Z
