Title,Type,Files,Size,IMDB,Spoken Languages,Texted Languages,Tags,Quality (+),Quality (-),Uploaded,By,User Type,Seeders,Leechers,Info Hash,Picture,Capture Date
NCH SWITCH  SOUND FILE CONVERTER 2.0.3 WORKING PATCH,301,1,324.83 KiB (332627 Bytes),,,,,2,0,2010-02-26T21:47:34Z,BLACKTROY,[V],1,1,D33CFD32076B0709BE45FDA873EBE9D8E7B45183,,2012-07-20T01:29:16Z
