Filename,Size,Unit
/AI War Fleet Command.rar,90.96,M
