Filename,Size,Unit
/00-lady_gaga-the_remix_(jp_limited_edition)-2010-tosk.m3u,958,B
/00-lady_gaga-the_remix_(jp_limited_edition)-2010-tosk.nfo,12.66,K
/01-lady_gaga-just_dance_(space_cowboy_remix)-tosk.mp3,7.1,M
/02-lady_gaga-just_dance_(redone_remix)-tosk.mp3,6.28,M
/03-lady_gaga-poker_face_(space_cowboy_remix)-tosk.mp3,7.48,M
/04-lady_gaga-poker_face_(llg_vs_glg_radio_mix)-tosk.mp3,5.99,M
/05-lady_gaga-eh_eh_(nothing_else_i_can_say)_(electric_paino_and_human_beat_box_version)-tosk.mp3,3.65,M
/06-lady_gaga-eh_eh_(nothing_else_i_can_say)_(pet_shop_boys_remix)-tosk.mp3,4.22,M
/07-lady_gaga-lovegame_(space_cowboy_remix)-tosk.mp3,3.87,M
/08-lady_gaga_and_marilyn_manson-lovegame_(chew_fu_ghettohiyse_fix)-tosk.mp3,7.94,M
/09-lady_gaga-paparazzi_(yuksek_remix)-tosk.mp3,6.34,M
/10-lady_gaga-paparazzi_(stuart_price_remix)-tosk.mp3,4.43,M
/11-lady_gaga-bad_romance_(skrillex_remix)-tosk.mp3,5.97,M
/12-lady_gaga-bad_romance_(starsmith_remix)-tosk.mp3,7.6,M
/13-lady_gaga-bad_romance_(kaskade_remix)-tosk.mp3,6.06,M
/14-lady_gaga_and_beyonce-telephone_(alphabeat_remix)-tosk.mp3,7.36,M
/15-lady_gaga_and_beyonce-telephone_(passion_pit_remix)-tosk.mp3,7.18,M
/16-lady_gaga_and_beyonce-telephone_(crookers_vocal_remix)-tosk.mp3,7.29,M
