Title,Type,Files,Size,IMDB,Spoken Languages,Texted Languages,Tags,Quality (+),Quality (-),Uploaded,By,User Type,Seeders,Leechers,Info Hash,Picture,Capture Date
mini-KMS Automatic Activation Tool Office 2010 VL v1.13 -WZT (3/,301,1,6.14 MiB (6440693 Bytes),,,,"""Office"",""Auto"",""Activation""",1,2,2010-09-04T05:12:14Z,pkaji123,[T],10,0,8575E3ED2C5113BF72CBD04CC5AED8FDA9BE5341,,2012-07-07T01:14:57Z
