Filename,Size,Unit
037-polly-sp.wmv,446.6,M
