Filename,Size,Unit
Fearless[2006][Unrated.Edition]DvDrip[Eng.Dubbed] Swesub. prien_arc.avi,698.98,M
