Filename,Size,Unit
Curso.1.frontal.jpg,15.21,K
Descubra.La.Decoracion.De.Pasteles.Curso.1.Wilton.PDF.by.chuska.pdf,8.58,M
LEEME.txt,55,B
