Title,Type,Files,Size,IMDB,Spoken Languages,Texted Languages,Tags,Quality (+),Quality (-),Uploaded,By,User Type,Seeders,Leechers,Info Hash,Picture,Capture Date
Jada Fire from Young Squirts #4,506,1,282.17 MiB (295875934 Bytes),,,,"""jada fire"",""ebony"",""interracial"",""big fake tits"",""big fake boobs"",""straight"",""one on one"",""squirting"",""he jerks off to cum"",""facial"",""h264""",1,0,2010-01-19T18:18:38Z,bronco77,[T],2,2,56B65BE218296090AECF4C0B08F16C1C4008D799,,2012-07-21T22:50:36Z
