User Type,Username,Date,Text
,kbadplayer,2011-09-26T17:26Z,outstanding job. the sound quality is superb. The download was very fast at high speed. Thank you very much bobnjeff.
