User Type,Username,Date,Text
,Lasaruz,2011-08-08T00:57Z,Tack!
