Filename,Size,Unit
animals.zip,357,M
Animated Girls Folder (GIF Format).zip,56.87,M
Art Earth. Wallpapers.zip,46.58,M
Art work.zip,39.42,M
Artistic Pics Folder.zip,14.22,M
