Filename,Size,Unit
/R9KE20.wbfs,126,M
/R9KE20_Groovin_Blocks.txt,26,B
