Filename,Size,Unit
Titanic II .[2010].DVDRIP.H264.[Eng]-DUQA.avi,749.86,M
ahashare.com.txt,973,B
