Filename,Size,Unit
/Ong-Bak.2003.DVDRip.XviD_FIN/vm-ob.avi,700.4,M
/Ong-Bak.2003.DVDRip.XviD_FIN/vm-ob.srt,53.14,K
/Ong.Bak.2.2008.DVDRip.XviD_FIN/tdm-ob2a.avi,701.91,M
/Ong.Bak.2.2008.DVDRip.XviD_FIN/tdm-ob2b.avi,699.2,M
/Ong.Bak.2.2008.DVDRip.XviD_FIN/tdm-ob2a.srt,10.76,K
/Ong.Bak.2.2008.DVDRip.XviD_FIN/tdm-ob2b.srt,7.02,K
