Filename,Size,Unit
/05 - Blazes Of Starlit Firmament.mp3,15.74,M
/03 - Nightwings.mp3,10.91,M
/07 - Ravenclouds.mp3,9.8,M
/08 - Walk The Path Of Sorrow.mp3,9.77,M
/06 - Crimson Leaves Dance.mp3,8.98,M
/02 - Inhaling The Distant Open Farâ¦.mp3,6.76,M
/04 - Fra Myrer Taakeâ¦.mp3,6.63,M
/01 - Intro.mp3,1010.1,K
/CD.jpg,63.6,K
