Filename,Size,Unit
13.jpg,758.27,K
16.jpg,739.71,K
12.jpg,701.75,K
2.jpg,676.03,K
10.jpg,663.27,K
5.jpg,646.64,K
18.jpg,639.37,K
4.jpg,623.99,K
9.jpg,560.65,K
17.jpg,538.26,K
19.jpg,483.27,K
8.jpg,451.97,K
1.jpg,438.05,K
6.jpg,429.76,K
3.jpg,418.85,K
7.jpg,412.82,K
14.jpg,412,K
11.jpg,407.7,K
21.jpg,281.21,K
15.jpg,223.19,K
20.jpg,166.49,K
