Title,Type,Files,Size,IMDB,Spoken Languages,Texted Languages,Tags,Quality (+),Quality (-),Uploaded,By,User Type,Seeders,Leechers,Info Hash,Picture,Capture Date
8 Mile 1080p.m2ts,207,1,3.99 GiB (4289169408 Bytes),,,,,0,0,2010-05-19T13:02:51Z,platoonHD,,0,1,F645C6159098079B70EDC8D6E2985E27021AB0E5,,2012-07-16T01:22:21Z
