Filename,Size,Unit
/AhaShare.com.txt,87,B
/Breathe.2009.DVDRip.XviD-AVCDVD.avi,697.08,M
/Breathe.2009.DVDRip.XviD-AVCDVD.jpg,37.42,K
/emuleday.com.txt,46,B
