Filename,Size,Unit
/Bach Orgelwerke auf Silbermann-Orgeln 08.cue,3.35,K
/Bach_Silbermann_8.m3u,3.14,K
/SchÃ¤fer (Freiberg Petri) - Bach Orgelwerke auf Silbermann-Orgeln 08 - 01 - Wer nur den lieben Gott lÃ¤sst walten BWV 690.flac,9.58,M
/SchÃ¤fer (Freiberg Petri) - Bach Orgelwerke auf Silbermann-Orgeln 08 - 02 - Wer nur den lieben Gott lÃ¤sst walten BWV 691.flac,5.51,M
/SchÃ¤fer (Freiberg Petri) - Bach Orgelwerke auf Silbermann-Orgeln 08 - 03 - Wer nur den lieben Gott lÃ¤sst walten BWV 691a.flac,9.05,M
/SchÃ¤fer (Freiberg Petri) - Bach Orgelwerke auf Silbermann-Orgeln 08 - 04 - Wo soll ich fliehen hin BWV 694.flac,16.65,M
/SchÃ¤fer (Freiberg Petri) - Bach Orgelwerke auf Silbermann-Orgeln 08 - 05 - Fantasia super- Christ lag in Todesbanden BWV 695.flac,14.95,M
/SchÃ¤fer (Freiberg Petri) - Bach Orgelwerke auf Silbermann-Orgeln 08 - 06 - Fughetta- Christum wir sollen loben schon BWV 696.flac,6.3,M
"/SchÃ¤fer (Freiberg Petri) - Bach Orgelwerke auf Silbermann-Orgeln 08 - 07 - Fughetta- Gelobet seist du, Jesu Christ BWV 697.flac",4.08,M
"/SchÃ¤fer (Freiberg Petri) - Bach Orgelwerke auf Silbermann-Orgeln 08 - 08 - Fughetta- Herr Christ, der ein'ge Gottessohn BWV 698.flac",5.75,M
"/SchÃ¤fer (Freiberg Petri) - Bach Orgelwerke auf Silbermann-Orgeln 08 - 09 - Fughetta- Nun komm, der Heiden Heiland BWV 699.flac",5.06,M
"/SchÃ¤fer (Freiberg Petri) - Bach Orgelwerke auf Silbermann-Orgeln 08 - 10 - Vom Himmel hoch, da komm ich her BWV 700.flac",15.92,M
"/SchÃ¤fer (Freiberg Petri) - Bach Orgelwerke auf Silbermann-Orgeln 08 - 11 - Fughetta- Vom Himmel hoch, da komm ich her BWV 701.flac",6.36,M
/SchÃ¤fer (Freiberg Petri) - Bach Orgelwerke auf Silbermann-Orgeln 08 - 12 - Fughetta- Das Jesulein soll doch mein Trost BWV 702.flac,6.78,M
/SchÃ¤fer (Freiberg Petri) - Bach Orgelwerke auf Silbermann-Orgeln 08 - 13 - Fughetta- Gottes Sohn ist kommen BWV 703.flac,3.76,M
/SchÃ¤fer (Freiberg Petri) - Bach Orgelwerke auf Silbermann-Orgeln 08 - 14 - Fughetta- Lob sei dem allmÃ¤chtigen Gott BWV 704.flac,4.92,M
/SchÃ¤fer (Freiberg Petri) - Bach Orgelwerke auf Silbermann-Orgeln 08 - 15 - Fuga- Durch Adams Fall ist ganz verderbt BWV 705.flac,16.51,M
"/SchÃ¤fer (Freiberg Petri) - Bach Orgelwerke auf Silbermann-Orgeln 08 - 16 - Liebster Jesu, wir sind hier BWV 706.flac",10.82,M
/SchÃ¤fer (Freiberg Petri) - Bach Orgelwerke auf Silbermann-Orgeln 08 - 17 - Ich hab' mein Sach' Gott heimgestellt BWV 707.flac,27.14,M
/SchÃ¤fer (Freiberg Petri) - Bach Orgelwerke auf Silbermann-Orgeln 08 - 18 - Ich hab' mein Sach' Gott heimgestellt BWV 708.flac,4.01,M
"/SchÃ¤fer (Freiberg Petri) - Bach Orgelwerke auf Silbermann-Orgeln 08 - 19 - Herr Jesus Christ, dich zu uns wend BWV 709.flac",15.74,M
/SchÃ¤fer (Freiberg Petri) - Bach Orgelwerke auf Silbermann-Orgeln 08 - 20 - Wir Christenleut' BWV 710.flac,8.56,M
/SchÃ¤fer (Freiberg Petri) - Bach Orgelwerke auf Silbermann-Orgeln 08 - 21 - Allein Gott in der HÃ¶h sei Ehr BWV 711.flac,13.64,M
/SchÃ¤fer (Freiberg Petri) - Bach Orgelwerke auf Silbermann-Orgeln 08 - 22 - Ich dich hab' ich gehoffet Herr BWV 712.flac,10.62,M
"/SchÃ¤fer (Freiberg Petri) - Bach Orgelwerke auf Silbermann-Orgeln 08 - 23 - Fantasia super- Jesu, meine Freude BWV 713.flac",22.08,M
/SchÃ¤fer (Freiberg Petri) - Bach Orgelwerke auf Silbermann-Orgeln 08.log,8.89,K
