Filename,Size,Unit
/misfits.s01e02.ws.pdtv-bia.nfo,7.71,K
/misfits.s01e02.ws.pdtv-bia.r00,14.31,M
/misfits.s01e02.ws.pdtv-bia.r01,14.31,M
/misfits.s01e02.ws.pdtv-bia.r02,14.31,M
/misfits.s01e02.ws.pdtv-bia.r03,14.31,M
/misfits.s01e02.ws.pdtv-bia.r04,14.31,M
/misfits.s01e02.ws.pdtv-bia.r05,14.31,M
/misfits.s01e02.ws.pdtv-bia.r06,14.31,M
/misfits.s01e02.ws.pdtv-bia.r07,14.31,M
/misfits.s01e02.ws.pdtv-bia.r08,14.31,M
/misfits.s01e02.ws.pdtv-bia.r09,14.31,M
/misfits.s01e02.ws.pdtv-bia.r10,14.31,M
/misfits.s01e02.ws.pdtv-bia.r11,14.31,M
/misfits.s01e02.ws.pdtv-bia.r12,14.31,M
/misfits.s01e02.ws.pdtv-bia.r13,14.31,M
/misfits.s01e02.ws.pdtv-bia.r14,14.31,M
/misfits.s01e02.ws.pdtv-bia.r15,14.31,M
/misfits.s01e02.ws.pdtv-bia.r16,14.31,M
/misfits.s01e02.ws.pdtv-bia.r17,14.31,M
/misfits.s01e02.ws.pdtv-bia.r18,14.31,M
/misfits.s01e02.ws.pdtv-bia.r19,14.31,M
/misfits.s01e02.ws.pdtv-bia.r20,14.31,M
/misfits.s01e02.ws.pdtv-bia.r21,14.31,M
/misfits.s01e02.ws.pdtv-bia.r22,14.31,M
/misfits.s01e02.ws.pdtv-bia.r23,6.23,M
/misfits.s01e02.ws.pdtv-bia.rar,14.31,M
/misfits.s01e02.ws.pdtv-bia.sfv,1,K
/www.torrentday.com.txt,316,B
