Filename,Size,Unit
/03 - Minus The Divine.mp3,25.32,M
/01 - The Greatest Lie.mp3,22.46,M
/04 - Flesh And Flames.mp3,20.11,M
/05 - Ut.mp3,6.34,M
"/02 - Knives, Veins And The God Of Nothingness.mp3",4.42,M
/acov_tid110598.jpg,63.34,K
/00. Utarm - Minus The Divine.nfo,1.5,K
