Filename,Size,Unit
Nice Orgy of Indian wife.avi,92.3,M
