Filename,Size,Unit
Sport Diver. Magazine.zip,88,M
