Title,Type,Files,Size,IMDB,Spoken Languages,Texted Languages,Tags,Quality (+),Quality (-),Uploaded,By,User Type,Seeders,Leechers,Info Hash,Picture,Capture Date
The Prisoner (Original) Episode 15.avi,205,1,596.61 MiB (625588310 Bytes),,English,,,0,0,2009-12-11T09:23:35Z,Duracell69,,0,0,17F7A836748ECB0291F988D127BDF9908C9B0B79,,2012-07-23T16:23:46Z
