User Type,Username,Date,Text
,VelvetMirror,2010-03-17T16:04Z,Thank you!
,marikoakh,2010-03-17T16:31Z,"Welcome, VelvetMirror :)"
,av1965,2010-03-17T18:13Z,tenks
