User Type,Username,Date,Text
,steven_g,2010-04-23T22:12Z,"Thank you very much !
Is there any chance to find english subtitles for ""Brass on fire"" ?"
