Filename,Size,Unit
Gay handjob and swallow.JPG,9.05,K
