Filename,Size,Unit
Alexis.Love.wmv,263.46,M
pic.jpg,51.2,K
