Filename,Size,Unit
Love.Honor.and.Obey[2000]DvDrip.AC3[Eng]-BONE.avi,541.84,M
Torrent downloaded from Demonoid.com.txt,47,B
