Filename,Size,Unit
Ultimate Top of Beauty - June 2010_RLSforum.net.pdf,21.67,M
