User Type,Username,Date,Text
,Spartan_300,2009-11-18T08:03Z,"Thanks for the upload,..."
,gwT2893Q,2012-03-27T18:59Z,I LOVE your uploads..thanx!! :D
