Filename,Size,Unit
07_Talib_Kweli_-_Words_High-Djleak.mp3,10.3,M
03_Talib_Kweli_-_Ms._Good_Lady-Djleak.mp3,10.26,M
02_Talib_Kweli_-_Country_of_Loving-Djleak.mp3,9.46,M
01_Talib_Kweli_-_Your_Gospel-Djleak.mp3,9.17,M
05_Talib_Kweli_-_Garvey_Gets_by-Djleak.mp3,9.06,M
10_Talib_Kweli_-_Away_Dub-Djleak.mp3,8.93,M
06_Talib_Kweli_-_More_or_Less_Dub-Djleak.mp3,8.73,M
08_Talib_Kweli_-_Mourning_Unknown-Djleak.mp3,8.18,M
04_Talib_Kweli_-_Panta_Move-Djleak.mp3,7.82,M
09_Talib_Kweli_-_Listen_Fe-Djleak.mp3,6.59,M
00_Talib_Kweli__Dub_Kweli_(Presented_by_Max_Tannone_)-2010-(Front)-Djleak.jpg,287.3,K
00. Djleak.com and promotorrents.com.jpg,181.34,K
Djleak.com and promotorrents.com.jpg,181.34,K
00_Talib_Kweli__Dub_Kweli_(Presented_by_Max_Tannone_)-2010-DjLeak.sfv,3.51,K
Dub Kweli - tracklist and information.nfo,2.7,K
00_Talib_Kweli__Dub_Kweli_(Presented_by_Max_Tannone_)-2010-DjLeak.nfo,1.72,K
00_Talib_Kweli__Dub_Kweli_(Presented_by_Max_Tannone_)-2010-DjLeak.m3u,424,B
