Title,Type,Files,Size,IMDB,Spoken Languages,Texted Languages,Tags,Quality (+),Quality (-),Uploaded,By,User Type,Seeders,Leechers,Info Hash,Picture,Capture Date
Brooke Shields - Down Came the Rain - My Journey Through Postpar,102,62,142.26 MiB (149168648 Bytes),,English,,"""depression"",""postpartum depression"",""Brooke Shields"",""mental illness"",""psychology"",""maternity"",""motherhood""",0,0,2010-01-25T08:12:35Z,arzendiq,,0,0,EB882EC539AD9866BB30DC883AA93938C490A500,,2012-07-21T13:25:57Z
