Title,Type,Files,Size,IMDB,Spoken Languages,Texted Languages,Tags,Quality (+),Quality (-),Uploaded,By,User Type,Seeders,Leechers,Info Hash,Picture,Capture Date
Teen Brother Sister Incest - 12 inch cock!,506,3,95.65 MiB (100299551 Bytes),,,,"""incest"",""inzest"",""sister"",""brother"",""teen"",""hung"",""12 inch"",""young"",""teen"",""taboo""",11,5,2009-11-18T11:06:47Z,Anonymous,,53,6,589D253B82BC86D81928405BF1E671C568DEEE7C,,2012-07-24T17:57:38Z
