Filename,Size,Unit
psych.s05e05.hdtv.xvid-xii.nfo,5.63,K
psych.s05e05.hdtv.xvid-xii.r00,14.31,M
psych.s05e05.hdtv.xvid-xii.r01,14.31,M
psych.s05e05.hdtv.xvid-xii.r02,14.31,M
psych.s05e05.hdtv.xvid-xii.r03,14.31,M
psych.s05e05.hdtv.xvid-xii.r04,14.31,M
psych.s05e05.hdtv.xvid-xii.r05,14.31,M
psych.s05e05.hdtv.xvid-xii.r06,14.31,M
psych.s05e05.hdtv.xvid-xii.r07,14.31,M
psych.s05e05.hdtv.xvid-xii.r08,14.31,M
psych.s05e05.hdtv.xvid-xii.r09,14.31,M
psych.s05e05.hdtv.xvid-xii.r10,14.31,M
psych.s05e05.hdtv.xvid-xii.r11,14.31,M
psych.s05e05.hdtv.xvid-xii.r12,14.31,M
psych.s05e05.hdtv.xvid-xii.r13,14.31,M
psych.s05e05.hdtv.xvid-xii.r14,14.31,M
psych.s05e05.hdtv.xvid-xii.r15,14.31,M
psych.s05e05.hdtv.xvid-xii.r16,14.31,M
psych.s05e05.hdtv.xvid-xii.r17,14.31,M
psych.s05e05.hdtv.xvid-xii.r18,14.31,M
psych.s05e05.hdtv.xvid-xii.r19,14.31,M
psych.s05e05.hdtv.xvid-xii.r20,14.31,M
psych.s05e05.hdtv.xvid-xii.r21,14.31,M
psych.s05e05.hdtv.xvid-xii.r22,14.31,M
psych.s05e05.hdtv.xvid-xii.r23,6.51,M
psych.s05e05.hdtv.xvid-xii.rar,14.31,M
psych.s05e05.hdtv.xvid-xii.sfv,1,K
This torrent has been downloaded from scenetime.com.txt,143,B
