Filename,Size,Unit
/Sneaky Sound System vs Cirez D - Pictures On Off (Funkagenda Mashup Sheo Reconstruction).mp3,17.61,M
/Shiny Toy - Guns Don't Cry Out (Thomas Gold Mix).mp3,17.15,M
/Masters Of South Ft. Roxi - Hold Me Tight.mp3,15.27,M
/B.O.N.G - Evolution (Incognet Remix).mp3,15.21,M
/Steve Murano - Owner Of A Lonely Heart (Club Mix).mp3,14.93,M
/Eriq Johnson - Find Out (Incognet Remix).mp3,14.68,M
/Spencer & Hill - Funk Parliament (Original Mix).mp3,13.6,M
/Rockets - World On Fire (Mats Mattara Klub Mix).mp3,13.41,M
/A2B feat. Fara - Tell Me Where You Are (Godlike Music Port Remix).mp3,12.76,M
/Dany Kay - Payno (Donk And Oil Remix).mp3,12,M
/Moonbeam feat Avis Vox - Storm of clouds (Dj Xm electro remix).mp3,11.54,M
/Max Morrel - Murder Sound (Original Mix).mp3,11.27,M
/69Beatz - Sometimes My Heart 2k10 (Original Mix).mp3,11.14,M
/Braincreator - What If (Extended Mix).mp3,11.05,M
/South Blast Feat Megen - Like A Wind (Waverockerz Remix).mp3,9.77,M
/VA-Your album of acid music Number 3 (2009).JPG,60.12,K
/WwW.SesionesDj.Com.Conver.jpg,31.01,K
/Tracklist.nfo,865,B
/LEEME.nfo,430,B
