Title,Type,Files,Size,IMDB,Spoken Languages,Texted Languages,Tags,Quality (+),Quality (-),Uploaded,By,User Type,Seeders,Leechers,Info Hash,Picture,Capture Date
The Game.[HDrip][Xvid-AC3,201,1,2.04 GiB (2185119744 Bytes),,Spanish,,,0,0,2009-09-27T17:09:11Z,nahla,[T],0,2,95F51CDFE7364EE0C1BC37D9BDFD11BA37C66694,,2012-07-26T20:56:40Z
