User Type,Username,Date,Text
,asgard666,2010-10-26T21:10Z,"great upload
great downloadspeed

thank you so fucking much

All hail to Sabaton!"
,Woggonen,2011-02-06T14:43Z,Indeed!
,Nail2thegun,2011-09-06T20:56Z,Dom e grymt bra !! Stort tack fรถr dettaa !! :-)
