Title,Type,Files,Size,IMDB,Spoken Languages,Texted Languages,Tags,Quality (+),Quality (-),Uploaded,By,User Type,Seeders,Leechers,Info Hash,Picture,Capture Date
10-26-2010 General Hospital.avi,205,1,158.92 MiB (166635128 Bytes),,,,,0,0,2010-10-27T21:35:34Z,ClaudiaZ,[V],0,0,58867B928E6111A847549A8D16DC930FC9F4D858,,2012-07-04T21:08:36Z
