Filename,Size,Unit
/Facial Abuse Discount and Info.txt,276,B
/Iori Amamiya - Japanese Forced Throatfucking Roleplay 2.avi,131.63,M
/Iori Amamiya - Japanese Forced Throatfucking Roleplay 2.avi.jpg,180.5,K
/www.latinaabuse.com_cali_couture4.wmv,24.02,M
/www.latinaabuse.com_cali_couture4.wmv.jpg,202.11,K
