Title,Type,Files,Size,IMDB,Spoken Languages,Texted Languages,Tags,Quality (+),Quality (-),Uploaded,By,User Type,Seeders,Leechers,Info Hash,Picture,Capture Date
Abyss & Judge - Hardstyle Preacher (DMW057) - 2010 [hardstyle],101,5,12.65 MiB (13267443 Bytes),,,,"""hardstyle"",""abyss and judge"",""hardstyle preacher"",""dutch master works"",""DMW057"",""320kbps"",""2010""",0,0,2010-09-13T13:55:59Z,ClydeL,[T],0,1,7C7914B478745957BC011C00A977CFAD476E1309,http://image.bayimg.com/iaodiaacp.jpg,2012-07-06T16:14:49Z
