User Type,Username,Date,Text
,LORDLORD,2010-05-21T20:00Z,"hej this is dead

please 

RE UP

THX"
,LORDLORD,2010-05-21T20:02Z,"HEY THIS IS DEAD

PLEASE RE UP 

THX"
,aghoose,2012-05-06T04:19Z,please...reupload ;(
