Filename,Size,Unit
Pics 10640/10640_KristinaRose061.jpg,313.91,K
Pics 10640/10640_KristinaRose016.jpg,311.76,K
Pics 10640/10640_KristinaRose068.jpg,307.98,K
Pics 10640/10640_KristinaRose077.jpg,301.96,K
Pics 10640/10640_KristinaRose075.jpg,300.23,K
Pics 10640/10640_KristinaRose065.jpg,294.1,K
Pics 10640/10640_KristinaRose069.jpg,292.09,K
Pics 10640/10640_KristinaRose058.jpg,291.03,K
Pics 10640/10640_KristinaRose007.jpg,290.32,K
Pics 10640/10640_KristinaRose030.jpg,288.61,K
Pics 10640/10640_KristinaRose045.jpg,285.89,K
Pics 10640/10640_KristinaRose035.jpg,280.81,K
Pics 10640/10640_KristinaRose053.jpg,278.91,K
Pics 10640/10640_KristinaRose033.jpg,278.13,K
Pics 10640/10640_KristinaRose055.jpg,277.43,K
Pics 10640/10640_KristinaRose001.jpg,275.95,K
Pics 10640/10640_KristinaRose002.jpg,275.85,K
Pics 10640/10640_KristinaRose047.jpg,274.61,K
Pics 10640/10640_KristinaRose049.jpg,273.34,K
Pics 10640/10640_KristinaRose037.jpg,270.54,K
Pics 10640/10640_KristinaRose063.jpg,268.49,K
Pics 10640/10640_KristinaRose009.jpg,268.22,K
Pics 10640/10640_KristinaRose038.jpg,267.1,K
Pics 10640/10640_KristinaRose024.jpg,266.84,K
Pics 10640/10640_KristinaRose021.jpg,264.32,K
Pics 10640/10640_KristinaRose039.jpg,263.71,K
Pics 10640/10640_KristinaRose025.jpg,263.67,K
Pics 10640/10640_KristinaRose071.jpg,262.21,K
Pics 10640/10640_KristinaRose066.jpg,260.92,K
Pics 10640/10640_KristinaRose034.jpg,256.2,K
Pics 10640/10640_KristinaRose017.jpg,254.56,K
Pics 10640/10640_KristinaRose072.jpg,253.58,K
Pics 10640/10640_KristinaRose052.jpg,251.7,K
Pics 10640/10640_KristinaRose026.jpg,251.32,K
Pics 10640/10640_KristinaRose067.jpg,248.34,K
Pics 10640/10640_KristinaRose013.jpg,247.03,K
Pics 10640/10640_KristinaRose078.jpg,243.51,K
Pics 10640/10640_KristinaRose057.jpg,242.41,K
Pics 10640/10640_KristinaRose046.jpg,239.06,K
Pics 10640/10640_KristinaRose054.jpg,238.15,K
Pics 10640/10640_KristinaRose018.jpg,237.75,K
Pics 10640/10640_KristinaRose006.jpg,236.21,K
Pics 10640/10640_KristinaRose070.jpg,235.66,K
Pics 10640/10640_KristinaRose008.jpg,233.24,K
Pics 10640/10640_KristinaRose041.jpg,231.7,K
Pics 10640/10640_KristinaRose005.jpg,231.13,K
Pics 10640/10640_KristinaRose064.jpg,230.4,K
Pics 10640/10640_KristinaRose004.jpg,229.64,K
Pics 10640/10640_KristinaRose062.jpg,228.1,K
Pics 10640/10640_KristinaRose042.jpg,227.41,K
Pics 10640/10640_KristinaRose014.jpg,223.8,K
Pics 10640/10640_KristinaRose010.jpg,223.49,K
Pics 10640/10640_KristinaRose003.jpg,219.54,K
Pics 10640/10640_KristinaRose048.jpg,218.78,K
Pics 10640/10640_KristinaRose020.jpg,214.79,K
Pics 10640/10640_KristinaRose060.jpg,214.06,K
Pics 10640/10640_KristinaRose040.jpg,213.44,K
Pics 10640/10640_KristinaRose082.jpg,213.08,K
Pics 10640/10640_KristinaRose059.jpg,210.86,K
Pics 10640/10640_KristinaRose028.jpg,210.49,K
Pics 10640/10640_KristinaRose043.jpg,209.84,K
Pics 10640/10640_KristinaRose138.jpg,209.74,K
Pics 10640/10640_KristinaRose080.jpg,208.78,K
Pics 10640/10640_KristinaRose022.jpg,208.63,K
Pics 10640/10640_KristinaRose051.jpg,208.5,K
Pics 10640/10640_KristinaRose015.jpg,208.07,K
Pics 10640/10640_KristinaRose032.jpg,207.93,K
Pics 10640/10640_KristinaRose076.jpg,206.31,K
Pics 10640/10640_KristinaRose079.jpg,204.78,K
Pics 10640/10640_KristinaRose019.jpg,202.51,K
Pics 10640/10640_KristinaRose120.jpg,202,K
Pics 10640/10640_KristinaRose056.jpg,199.58,K
Pics 10640/10640_KristinaRose044.jpg,198.42,K
Pics 10640/10640_KristinaRose094.jpg,197.09,K
Pics 10640/10640_KristinaRose136.jpg,197.07,K
Pics 10640/10640_KristinaRose023.jpg,196.97,K
Pics 10640/10640_KristinaRose137.jpg,196.84,K
Pics 10640/10640_KristinaRose119.jpg,196.44,K
Pics 10640/10640_KristinaRose106.jpg,196.13,K
Pics 10640/10640_KristinaRose031.jpg,195.22,K
Pics 10640/10640_KristinaRose029.jpg,195.12,K
Pics 10640/10640_KristinaRose152.jpg,195,K
Pics 10640/10640_KristinaRose114.jpg,194.99,K
Pics 10640/10640_KristinaRose095.jpg,193.45,K
Pics 10640/10640_KristinaRose036.jpg,193.04,K
Pics 10640/10640_KristinaRose132.jpg,192.55,K
Pics 10640/10640_KristinaRose073.jpg,192.02,K
Pics 10640/10640_KristinaRose050.jpg,191.28,K
Pics 10640/10640_KristinaRose092.jpg,191.2,K
Pics 10640/10640_KristinaRose091.jpg,190.77,K
Pics 10640/10640_KristinaRose122.jpg,190.51,K
Pics 10640/10640_KristinaRose085.jpg,190.4,K
Pics 10640/10640_KristinaRose133.jpg,189.87,K
Pics 10640/10640_KristinaRose096.jpg,189.33,K
Pics 10640/10640_KristinaRose083.jpg,189.13,K
Pics 10640/10640_KristinaRose012.jpg,189.1,K
Pics 10640/10640_KristinaRose151.jpg,189.08,K
Pics 10640/10640_KristinaRose127.jpg,187.78,K
Pics 10640/10640_KristinaRose117.jpg,186.99,K
Pics 10640/10640_KristinaRose135.jpg,186.1,K
Pics 10640/10640_KristinaRose118.jpg,185.27,K
Pics 10640/10640_KristinaRose115.jpg,184.77,K
Pics 10640/10640_KristinaRose131.jpg,184.23,K
Pics 10640/10640_KristinaRose090.jpg,184.02,K
Pics 10640/10640_KristinaRose103.jpg,183.99,K
Pics 10640/10640_KristinaRose123.jpg,183.84,K
Pics 10640/10640_KristinaRose126.jpg,183.2,K
Pics 10640/10640_KristinaRose145.jpg,182.72,K
Pics 10640/10640_KristinaRose084.jpg,182.43,K
Pics 10640/10640_KristinaRose153.jpg,182.08,K
Pics 10640/10640_KristinaRose011.jpg,181.87,K
Pics 10640/10640_KristinaRose101.jpg,180.55,K
Pics 10640/10640_KristinaRose154.jpg,180.39,K
Pics 10640/10640_KristinaRose105.jpg,180.33,K
Pics 10640/10640_KristinaRose093.jpg,180.24,K
Pics 10640/10640_KristinaRose110.jpg,180.18,K
Pics 10640/10640_KristinaRose134.jpg,180.05,K
Pics 10640/10640_KristinaRose100.jpg,179.51,K
Pics 10640/10640_KristinaRose086.jpg,178.88,K
Pics 10640/10640_KristinaRose027.jpg,178.81,K
Pics 10640/10640_KristinaRose125.jpg,178.26,K
Pics 10640/10640_KristinaRose149.jpg,177.26,K
Pics 10640/10640_KristinaRose130.jpg,177.24,K
Pics 10640/10640_KristinaRose107.jpg,176.98,K
Pics 10640/10640_KristinaRose142.jpg,176.68,K
Pics 10640/10640_KristinaRose155.jpg,176.21,K
Pics 10640/10640_KristinaRose088.jpg,174.92,K
Pics 10640/10640_KristinaRose116.jpg,174.76,K
Pics 10640/10640_KristinaRose081.jpg,174.61,K
Pics 10640/10640_KristinaRose098.jpg,173.62,K
Pics 10640/10640_KristinaRose108.jpg,173.05,K
Pics 10640/10640_KristinaRose109.jpg,170.96,K
Pics 10640/10640_KristinaRose099.jpg,169.97,K
Pics 10640/10640_KristinaRose089.jpg,168.72,K
Pics 10640/10640_KristinaRose147.jpg,168.63,K
Pics 10640/10640_KristinaRose121.jpg,168.2,K
Pics 10640/10640_KristinaRose139.jpg,167.43,K
Pics 10640/10640_KristinaRose129.jpg,166.1,K
Pics 10640/10640_KristinaRose102.jpg,164.53,K
Pics 10640/10640_KristinaRose140.jpg,163.28,K
Pics 10640/10640_KristinaRose128.jpg,162.43,K
Pics 10640/10640_KristinaRose144.jpg,158.81,K
Pics 10640/10640_KristinaRose113.jpg,156,K
Pics 10640/10640_KristinaRose150.jpg,152.16,K
Pics 10640/10640_KristinaRose124.jpg,151.89,K
Pics 10640/10640_KristinaRose074.jpg,151.58,K
Pics 10640/10640_KristinaRose112.jpg,148.86,K
Pics 10640/10640_KristinaRose143.jpg,136.46,K
Pics 10640/10640_KristinaRose111.jpg,133.04,K
Pics 10640/10640_KristinaRose087.jpg,132.19,K
Pics 10640/10640_KristinaRose097.jpg,125.38,K
10640_KristinaRose.wmv,257.86,M
