Title,Type,Files,Size,IMDB,Spoken Languages,Texted Languages,Tags,Quality (+),Quality (-),Uploaded,By,User Type,Seeders,Leechers,Info Hash,Picture,Capture Date
Zweiloch.Party.Fuck.And.Dance.40.XXX.DVDRip.Xvid,501,1,1.37 GiB (1468397568 Bytes),,German,German,,0,0,2010-10-15T13:04:25Z,trebak,,0,1,7E366666D1421999500FFDFEB735433C264BE4F1,http://image.bayimg.com/papjhaacn.jpg,2012-07-05T09:58:26Z
