Filename,Size,Unit
Carmen.avi,1.37,G
