Title,Type,Files,Size,IMDB,Spoken Languages,Texted Languages,Tags,Quality (+),Quality (-),Uploaded,By,User Type,Seeders,Leechers,Info Hash,Picture,Capture Date
Vso Convertxtodvd v4.1.6.342 Pre-release+serials,301,2,29.41 MiB (30839623 Bytes),,,,,4,8,2010-11-13T18:32:17Z,Slickinator,[V],0,0,6FCD8C5D946782538171FBE1EDC40C105926CEE0,,2012-07-04T03:46:59Z
