User Type,Username,Date,Text
[V],amanrulz,2010-03-21T15:33Z,"Screens

http://i.imgur.com/iCFR3.jpg
http://i.imgur.com/ElIxU.jpg
http://i.imgur.com/WFA0i.jpg
http://i.imgur.com/MVp0F.jpg
http://i.imgur.com/HxzFf.jpg
http://i.imgur.com/6Taku.jpg
http://i.imgur.com/zzc6n.jpg
http://i.imgur.com/L5Nqj.jpg"
