Filename,Size,Unit
/Loving You Is Easy.mp3,7.27,M
