Title,Type,Files,Size,IMDB,Spoken Languages,Texted Languages,Tags,Quality (+),Quality (-),Uploaded,By,User Type,Seeders,Leechers,Info Hash,Picture,Capture Date
Real.Slut.Party.-.Nella.Jay.Natasha.Dulce,506,4,846.54 MiB (887662298 Bytes),,,,,0,0,2010-06-10T11:40:51Z,Rabiner,,1,2,B4DE8D8E8C6BC4D61FB49C1DEB65A98B5C9E71A3,,2012-07-14T23:06:06Z
