Filename,Size,Unit
/000-va_-_trancemaster_7000-2cd-2010 www.0daymusic.org.m3u,1.01,K
/000-va_-_trancemaster_7000-2cd-2010 www.0daymusic.org.nfo,1.56,K
/000-va_-_trancemaster_7000-2cd-2010 www.0daymusic.org.sfv,1.2,K
/101-garry_heaney_-_dry_ice_(setrise_remix) www.0daymusic.org.mp3,11.79,M
/102-ali_wilson_-_pandora www.0daymusic.org.mp3,13.03,M
/103-devilect_-_breakthrough_(crystal_peak_remix) www.0daymusic.org.mp3,13.1,M
/104-fluctor_-_coliseum_(manuel_le_saux_remix) www.0daymusic.org.mp3,11.38,M
/105-ciaran_mcauley_and_roly_feat._oonagh_-_forgotten_(club_mix) www.0daymusic.org.mp3,11.22,M
/106-sunny_lax_-_vanesse www.0daymusic.org.mp3,11.9,M
/107-guy_mearns_-_obese_(original_mix) www.0daymusic.org.mp3,10.02,M
/108-phynn_pres._alpha_centauri_-_supernova www.0daymusic.org.mp3,9.89,M
/109-luke_terry_-_veritas_lux_mea_(original_mix) www.0daymusic.org.mp3,11.39,M
/110-signum_-_first_strike_2010_(sebastian_brandt_remix) www.0daymusic.org.mp3,11.78,M
/201-ron_van_den_beuken_vs._magic_power_feat._tom_k._-_eagle_fly_(dub_mix) www.0daymusic.org.mp3,12.52,M
/202-allende_-_winter_leaves_(cape_verde_mix) www.0daymusic.org.mp3,12.08,M
/203-nitrous_oxide_feat._aneym_-_far_away_(club_mix) www.0daymusic.org.mp3,9.66,M
/204-claudia_cazacu_-_valley_of_the_kings_(original_mix) www.0daymusic.org.mp3,11.16,M
/205-greg_downey_-_global_code_(original_mix) www.0daymusic.org.mp3,8.78,M
/206-garry_heaney_-_check_mate_(original_mix) www.0daymusic.org.mp3,12.1,M
/207-daniel_wanrooy_and_rene_havelaar_-_moonpatrol www.0daymusic.org.mp3,14.11,M
/208-alex_m.o.r.p.h._-_break_the_light_(contest_winner_vocal_mix) www.0daymusic.org.mp3,10.87,M
/209-jonathan_allyn_-_fracture_(big_room_remix) www.0daymusic.org.mp3,10.59,M
/210-brm_-_first_taste_(original_mix) www.0daymusic.org.mp3,13.18,M
