Filename,Size,Unit
/Read This Guide Now.txt,493,B
/www.Torrentday.com.txt,493,B
/youre.cut.off.s01e01.dsr.xvid-omicron.avi,349.35,M
/youre.cut.off.s01e01.dsr.xvid-omicron.nfo,653,B
/youre.cut.off.s01e01.dsr.xvid-omicron.sfv,1.27,K
