Filename,Size,Unit
/Divxatope.com.txt,27,B
/Flashpoint 2x11 HDTV DVB Spanish.avi,348.73,M
/Flashpoint 2x12 HDTV DVB Spanish.avi,348.72,M
/Flashpoint 2x13 HDTV DVB Spanish Final.avi,349.74,M
