Title,Type,Files,Size,IMDB,Spoken Languages,Texted Languages,Tags,Quality (+),Quality (-),Uploaded,By,User Type,Seeders,Leechers,Info Hash,Picture,Capture Date
GiantsBlackMeatWhiteTreat.com - Amanda Blue,501,1,245.8 MiB (257742559 Bytes),,,,"""GiantsBlackMeatWhiteTreat"",""AllRealityPass""",1,0,2009-10-27T07:58:13Z,gnice06,[V],0,4,D0BF72BA40D5E0C91D0D132A782A87A96F75DA5C,http://image.bayimg.com/haekbaacj.jpg,2012-07-26T01:57:35Z
