Filename,Size,Unit
/Io.E.Marley.2008.iTALiAN.DVDRip.XviD-Republic.CD1[www.survivalofmisa.altervista.org].avi,699.99,M
/Io.E.Marley.2008.iTALiAN.DVDRip.XviD-Republic.CD2[www.survivalofmisa.altervista.org].avi,699.65,M
