Title,Type,Files,Size,IMDB,Spoken Languages,Texted Languages,Tags,Quality (+),Quality (-),Uploaded,By,User Type,Seeders,Leechers,Info Hash,Picture,Capture Date
Ghost Adventures - S03E02 - Pennhurst State School,205,2,350.1 MiB (367108631 Bytes),,English,,"""Ghost"",""Adventures""",0,0,2010-01-03T12:11:08Z,UFOpirate,,2,0,04FAD0ECA46E1098AE7C31F6E7606D1C626EB166,,2012-07-22T16:30:12Z
