Filename,Size,Unit
ATM-Jeena.wmv,623.42,M
