Filename,Size,Unit
/poker.after.dark.s06e01.pdtv.xvid-bajskorv.nfo,98,B
/poker.after.dark.s06e01.pdtv.xvid-bajskorv.r00,14.31,M
/poker.after.dark.s06e01.pdtv.xvid-bajskorv.r01,14.31,M
/poker.after.dark.s06e01.pdtv.xvid-bajskorv.r02,14.31,M
/poker.after.dark.s06e01.pdtv.xvid-bajskorv.r03,14.31,M
/poker.after.dark.s06e01.pdtv.xvid-bajskorv.r04,14.31,M
/poker.after.dark.s06e01.pdtv.xvid-bajskorv.r05,14.31,M
/poker.after.dark.s06e01.pdtv.xvid-bajskorv.r06,14.31,M
/poker.after.dark.s06e01.pdtv.xvid-bajskorv.r07,14.31,M
/poker.after.dark.s06e01.pdtv.xvid-bajskorv.r08,14.31,M
/poker.after.dark.s06e01.pdtv.xvid-bajskorv.r09,14.31,M
/poker.after.dark.s06e01.pdtv.xvid-bajskorv.r10,14.31,M
/poker.after.dark.s06e01.pdtv.xvid-bajskorv.r11,14.31,M
/poker.after.dark.s06e01.pdtv.xvid-bajskorv.r12,14.31,M
/poker.after.dark.s06e01.pdtv.xvid-bajskorv.r13,14.31,M
/poker.after.dark.s06e01.pdtv.xvid-bajskorv.r14,14.31,M
/poker.after.dark.s06e01.pdtv.xvid-bajskorv.r15,14.31,M
/poker.after.dark.s06e01.pdtv.xvid-bajskorv.r16,14.31,M
/poker.after.dark.s06e01.pdtv.xvid-bajskorv.r17,14.31,M
/poker.after.dark.s06e01.pdtv.xvid-bajskorv.r18,14.31,M
/poker.after.dark.s06e01.pdtv.xvid-bajskorv.r19,14.31,M
/poker.after.dark.s06e01.pdtv.xvid-bajskorv.r20,14.31,M
/poker.after.dark.s06e01.pdtv.xvid-bajskorv.r21,14.31,M
/poker.after.dark.s06e01.pdtv.xvid-bajskorv.r22,14.31,M
/poker.after.dark.s06e01.pdtv.xvid-bajskorv.r23,5.9,M
/poker.after.dark.s06e01.pdtv.xvid-bajskorv.rar,14.31,M
/poker.after.dark.s06e01.pdtv.xvid-bajskorv.sfv,1.39,K
/www.torrentday.com.txt,400,B
