User Type,Username,Date,Text
[T],DjLellone,2010-08-07T18:49Z,"Tracklist :

01. DJ Manie feat. Casablanca Connect - Kiesz (Original Mix)
02. Hardwell & Chuckie - Move It 2 The Drum (Original Mix)
03. ID
04. Nas - Made You Look (Laidback Luke Bootleg) (Wolfgang Garner Edit)
05. Joey Beltram - Instant (Original Mix) w/ Submission â Women Beat Their Men (Acapella)
06. ID
07. Green Velvet - Harmageddon (Felix Cartal Remix)
08. Tom Piper, Destroy Disco - Bender (Angger Dimas Remix) w/ Sean Paul - Temperature (Acapella)
09. ID
10. Basement Jaxx - Fly Life Extra (Dan Castro Bootleg) w/ Wee Papa Girl Rappers - Heat It Up (Acapella)
11. DJ Sneak - You Can't Hide From Your Bud (A-Trak Remix)
12. Mr. G - Blessed (Original Mix)
13. Coach Roebuck - Discotheque (Original Mix) /w Bart B More - Brap (Brapapella)
14. Laidback Luke feat. Jonathan Mendelsohn - Till Tonight (Chris Kaeser Remix) /w Bart B More - Brap (Brapapella)
15. Lazy Jay - After Dark (Dub Mix)
16. ID
17. Eddie Thoneick & Erick Morillo feat. Shena - Nothing Better (Original Mix + AN21 & Max Vangeli Remix)
18. Afrojack & Bobby Burns - Bungee (Original Mix) w/ MSTRKRFT feat. John Legend - Heartbreaker (Acapella)
19. ID
20. ID
21. Sandro Silva - Hands High (Original Mix)
22. ID "
