Filename,Size,Unit
/22_Styles_P_-_5_Star_Generals-PromoTorrents.com.mp3,5.61,M
/15_Styles_P_-_Take_it_There-PromoTorrents.com.mp3,5.45,M
/05_Jadakiss_-_Tipsy-PromoTorrents.com.mp3,5.38,M
/18_Styles_P_-_Bold_and_Arrogant-PromoTorrents.com.mp3,5.26,M
/11_Styles_P_Feat._Chinx_Drugz_Drag-on_and_Its_Bizkit_-_Get_Bizzy-PromoTorrents.com.mp3,5.17,M
/10_Sheek_Louch_-_Show_it-PromoTorrents.com.mp3,4.99,M
/16_The_Lox_-_Whatever_You_Want-PromoTorrents.com.mp3,4.94,M
/20_Sheek_Louch_Feat._Trey_Songz_-_I_Just_Wanna-PromoTorrents.com.mp3,4.87,M
/17_Jadakiss_-_Bottle_Service-PromoTorrents.com.mp3,4.62,M
/06_Jadakiss_-_Daddys_Home-PromoTorrents.com.mp3,4.57,M
/09_Styles_P_-_End_of_Time-PromoTorrents.com.mp3,4.51,M
/04_Jadakiss_-_All_Falls_Down-PromoTorrents.com.mp3,4.46,M
/14_Sheek_Louch_-_Im_So_Hood-PromoTorrents.com.mp3,4.44,M
/08_Styles_P_-_The_Cypher-PromoTorrents.com.mp3,4.36,M
/02_The_Lox_-_Ha_Ha-PromoTorrents.com.mp3,4.28,M
/24_Styles_P_-_No_More_Music_by_Suckers-PromoTorrents.com.mp3,4.27,M
/19_Jadakiss_Feat._Sheek_Louch_-_Searchin-PromoTorrents.com.mp3,4.24,M
/03_The_Lox_-_Im_Ill-PromoTorrents.com.mp3,4.23,M
/13_Sheek_Louch_-_Youngstown_Heist-PromoTorrents.com.mp3,3.5,M
/23_Styles_P_-_Banned_form_the_Net-PromoTorrents.com.mp3,3.29,M
/07_Sheek_Louch_Feat._Bully_-_Bring_it_Back_DJ-PromoTorrents.com.mp3,2.6,M
/21_Jadakiss_-_My_People-PromoTorrents.com.mp3,1.84,M
/01_Jadakiss_-_In_for_the_Kill-PromoTorrents.com.mp3,1.54,M
/12_Jadakiss_-_Gangs_in_New_York-PromoTorrents.com.mp3,1.52,M
/00_Djleak.com and promotorrents.com.jpg,181.34,K
/Djleak.com and promotorrents.com.jpg,181.34,K
/00_Tapemasters_Inc_Presents_the_Lox_-_In_for_the_Kill-2010-(Front)-PromoTorrents.com.jpg,120.48,K
/00_Tapemasters_Inc_Presents_the_Lox_-_In_for_the_Kill-2010-DjLeak.sfv,5.99,K
/00_Tapemasters_Inc_Presents_the_Lox_-_In_for_the_Kill-2010-DjLeak.nfo,2.53,K
/00_Tapemasters_Inc_Presents_the_Lox_-_In_for_the_Kill-2010-DjLeak.m3u,1.28,K
/00.Click Here For More exclusive tapes!!.url,118,B
