Filename,Size,Unit
kmd-os.avi,1.51,G
