Filename,Size,Unit
/01 - Introduction to PIX Technology.wmv,14.98,M
/02 - Cisco PIX Product Line.wmv,26.38,M
/03 - PIX Firewall Essentials.wmv,12.81,M
/04 - Translations and Connections 1.wmv,15.04,M
/05 - Translations and Connections 2.wmv,23.92,M
/06 - Access Control Lists.wmv,21.63,M
/07 - Grouping PIX Objects.wmv,20.09,M
/08 - Protocol Handling.wmv,25.46,M
/09 - Intrusion Detection and Shunning.wmv,15.63,M
/10 - AAA Services.wmv,28.24,M
/11 - Configuring Failover.wmv,21.59,M
/12 - Routing and Switching.wmv,29.95,M
/13 - Virtual Private Networking.wmv,19.4,M
/14 - Cisco Easy VPN 1.wmv,30.58,M
/15 - Cisco Easy VPN 2.wmv,24.97,M
/16 - Maintaining the PIX Firewall 1.wmv,19.25,M
/17 - Maintaining the PIX Firewall 2.wmv,19.27,M
/18 - PIX Device Manager.wmv,16.65,M
/19 - Managing PIX in the Enterprise.wmv,19.78,M
/20 - Firewall Services Module.wmv,21.56,M
