Filename,Size,Unit
Bab5_S4_Ep05-08.mkv,3.14,G
