Title,Type,Files,Size,IMDB,Spoken Languages,Texted Languages,Tags,Quality (+),Quality (-),Uploaded,By,User Type,Seeders,Leechers,Info Hash,Picture,Capture Date
Saturday Night Latinas 2 (2010),501,3,2.05 GiB (2199767040 Bytes),,English,,"""Amy"",""Nicolle Bitencourt"",""Carmen Diaz"",""Dani Duran"",""Iris Fisher""",0,0,2010-03-24T18:38:28Z,webchella,[V],0,2,A99F9E7D0454B716000069FE0746D0BA90CF23F2,,2012-07-18T17:52:19Z
