Title,Type,Files,Size,IMDB,Spoken Languages,Texted Languages,Tags,Quality (+),Quality (-),Uploaded,By,User Type,Seeders,Leechers,Info Hash,Picture,Capture Date
"Two and a half-men S08E02-10 (PSP, iPod, Zune)",206,9,702.58 MiB (736712518 Bytes),,,,"""ipos"",""psp"",""zune"",""qwersd""",0,0,2010-11-27T12:32:14Z,qwersd,[T],0,0,7B4312709D383E005F732534008D41D24D059331,,2012-07-03T11:02:34Z
